object={
	name="steppe_bush_01_generator_0"
	clamp_to_water_level=no
	render_under_water=no
	generated_content=yes
	layer="grass_layer"
	pdxmesh="steppe_bush_01_mesh"
	count=305
	transform="959.249390 0.000000 2039.585449 0.000000 0.913537 0.000000 -0.406755 0.572422 0.572422 0.572422
958.845093 0.000000 2046.170654 0.000000 0.987982 0.000000 0.154568 0.473170 0.473170 0.473170
959.522461 0.000000 2042.034180 0.000000 0.275815 0.000000 -0.961211 0.718422 0.718422 0.718422
961.858643 0.000000 2026.526978 0.000000 0.400285 0.000000 -0.916391 0.706880 0.706880 0.706880
1000.204346 0.000000 2045.456299 0.000000 0.070932 0.000000 -0.997481 0.759295 0.759295 0.759295
1020.433838 0.000000 2044.236328 0.000000 0.435184 0.000000 -0.900342 0.697924 0.697924 0.697924
968.139771 0.000000 2027.008057 0.000000 0.657709 0.000000 0.753272 0.356784 0.356784 0.356784
959.984802 0.000000 2044.587280 0.000000 0.261034 0.000000 0.965330 0.275720 0.275720 0.275720
965.135620 0.000000 2021.547852 0.000000 0.009850 0.000000 0.999951 0.216495 0.216495 0.216495
1022.050049 0.000000 2034.601807 0.000000 0.998065 0.000000 -0.062180 0.510912 0.510912 0.510912
1004.829529 0.000000 2041.737305 0.000000 0.286290 0.000000 0.958143 0.267441 0.267441 0.267441
1023.241577 0.000000 2039.585449 0.000000 0.146725 0.000000 -0.989177 0.731006 0.731006 0.731006
964.140259 0.000000 2030.876709 0.000000 0.534684 0.000000 0.845052 0.331617 0.331617 0.331617
961.182800 0.000000 2040.061646 0.000000 0.985764 0.000000 -0.168133 0.528890 0.528890 0.528890
1004.423767 0.000000 2046.281006 0.000000 0.628859 0.000000 0.777519 0.343785 0.343785 0.343785
1013.871826 0.000000 2045.581787 0.000000 0.098556 0.000000 -0.995131 0.740720 0.740720 0.740720
960.090332 0.000000 2029.950928 0.000000 0.268038 0.000000 -0.963408 0.735198 0.735198 0.735198
971.483215 0.000000 2025.096436 0.000000 0.561104 0.000000 0.827745 0.326554 0.326554 0.326554
975.665100 0.000000 2020.414062 0.000000 0.936603 0.000000 0.350393 0.438332 0.438332 0.438332
1007.514465 0.000000 2039.052002 0.000000 0.983905 0.000000 -0.178693 0.531845 0.531845 0.531845
1017.402527 0.000000 2045.850098 0.000000 0.998888 0.000000 0.047144 0.491582 0.491582 0.491582
1009.158081 0.000000 2035.072266 0.000000 0.986124 0.000000 -0.166012 0.528418 0.528418 0.528418
1001.124817 0.000000 2042.447998 0.000000 0.639033 0.000000 -0.769179 0.658837 0.658837 0.658837
962.345154 0.000000 2020.212524 0.000000 0.655628 0.000000 0.755084 0.348842 0.348842 0.348842
962.691040 0.000000 2023.457886 0.000000 0.957362 0.000000 0.288891 0.445308 0.445308 0.445308
1007.762634 0.000000 2042.140991 0.000000 0.442949 0.000000 0.896547 0.302214 0.302214 0.302214
1004.509766 0.000000 2038.783813 0.000000 0.223832 0.000000 -0.974628 0.725825 0.725825 0.725825
964.567261 0.000000 2028.036621 0.000000 0.503195 0.000000 -0.864173 0.696038 0.696038 0.696038
1020.761169 0.000000 2036.977661 0.000000 0.922638 0.000000 -0.385666 0.568945 0.568945 0.568945
961.832764 0.000000 2042.676270 0.000000 0.747481 0.000000 0.664283 0.375299 0.375299 0.375299
1003.193970 0.000000 2044.003174 0.000000 0.995765 0.000000 -0.091931 0.515801 0.515801 0.515801
1009.707947 0.000000 2040.455200 0.000000 0.209400 0.000000 0.977830 0.254719 0.254719 0.254719
960.091614 0.000000 2024.789429 0.000000 0.956636 0.000000 -0.291287 0.550547 0.550547 0.550547
973.451477 0.000000 2022.466919 0.000000 0.955244 0.000000 0.295817 0.445081 0.445081 0.445081
1019.680664 0.000000 2046.681030 0.000000 0.992149 0.000000 0.125058 0.477383 0.477383 0.477383
1005.782532 0.000000 2044.022461 0.000000 0.840713 0.000000 -0.541481 0.601425 0.601425 0.601425
962.374695 0.000000 2028.982544 0.000000 0.684508 0.000000 0.729005 0.360815 0.360815 0.360815
1023.514648 0.000000 2042.034180 0.000000 0.705619 0.000000 0.708592 0.363852 0.363852 0.363852
1001.807190 0.000000 2047.446777 0.000000 0.701825 0.000000 -0.712350 0.648947 0.648947 0.648947
961.639038 0.000000 2046.576904 0.000000 0.135874 0.000000 0.990726 0.256472 0.256472 0.256472
998.845581 0.000000 2043.234131 0.000000 0.150871 0.000000 0.988553 0.255501 0.255501 0.255501
1022.989746 0.000000 2037.346313 0.000000 0.843825 0.000000 0.536619 0.399245 0.399245 0.399245
1002.836121 0.000000 2040.884521 0.000000 0.539165 0.000000 -0.842200 0.684369 0.684369 0.684369
1022.553955 0.000000 2043.994873 0.000000 0.932085 0.000000 -0.362239 0.564084 0.564084 0.564084
969.380371 0.000000 2025.258667 0.000000 0.340939 0.000000 0.940085 0.273316 0.273316 0.273316
970.488281 0.000000 2023.290039 0.000000 0.214902 0.000000 0.976636 0.266722 0.266722 0.266722
1021.277588 0.000000 2039.044556 0.000000 0.641301 0.000000 0.767289 0.344426 0.344426 0.344426
1018.279785 0.000000 2044.017090 0.000000 0.391572 0.000000 -0.920147 0.712220 0.712220 0.712220
1006.473145 0.000000 2040.685791 0.000000 0.989489 0.000000 -0.144605 0.526899 0.526899 0.526899
1009.138062 0.000000 2038.015503 0.000000 0.687856 0.000000 0.725847 0.348925 0.348925 0.348925
1015.641357 0.000000 2046.244629 0.000000 0.438943 0.000000 0.898515 0.290969 0.290969 0.290969
965.630493 0.000000 2029.845947 0.000000 0.985298 0.000000 -0.170844 0.532254 0.532254 0.532254
964.174133 0.000000 2020.003296 0.000000 0.537825 0.000000 -0.843056 0.682158 0.682158 0.682158
966.266907 0.000000 2026.553955 0.000000 0.530497 0.000000 0.847687 0.309954 0.309954 0.309954
962.063599 0.000000 2030.674316 0.000000 0.419186 0.000000 0.907900 0.296819 0.296819 0.296819
972.128235 0.000000 2023.452026 0.000000 0.237306 0.000000 0.971435 0.256560 0.256560 0.256560
998.509521 0.000000 2045.988770 0.000000 0.997836 0.000000 0.065751 0.488091 0.488091 0.488091
1003.271729 0.000000 2042.410278 0.000000 0.127395 0.000000 -0.991852 0.771100 0.771100 0.771100
1003.011780 0.000000 2046.751953 0.000000 0.954040 0.000000 -0.299679 0.556988 0.556988 0.556988
1029.436523 0.000000 2042.071655 0.000000 0.974480 0.000000 -0.224474 0.540696 0.540696 0.540696
1024.375977 0.000000 2034.632202 0.000000 0.979107 0.000000 -0.203347 0.538087 0.538087 0.538087
1037.302612 0.000000 2039.963623 0.000000 0.949149 0.000000 -0.314828 0.556371 0.556371 0.556371
1023.976990 0.000000 2044.587280 0.000000 0.438539 0.000000 -0.898712 0.710509 0.710509 0.710509
1041.956299 0.000000 2035.959839 0.000000 0.906900 0.000000 -0.421345 0.572207 0.572207 0.572207
1028.786499 0.000000 2036.936401 0.000000 0.992603 0.000000 -0.121403 0.520053 0.520053 0.520053
1045.645630 0.000000 2037.861694 0.000000 0.214243 0.000000 0.976780 0.277599 0.277599 0.277599
1036.383301 0.000000 2036.405151 0.000000 0.621840 0.000000 -0.783144 0.649370 0.649370 0.649370
1027.360229 0.000000 2044.817261 0.000000 0.770838 0.000000 0.637031 0.378874 0.378874 0.378874
1032.780884 0.000000 2042.162354 0.000000 0.908221 0.000000 0.418492 0.420769 0.420769 0.420769
1031.128052 0.000000 2044.812256 0.000000 0.101774 0.000000 0.994808 0.251558 0.251558 0.251558
1040.886108 0.000000 2033.098267 0.000000 0.633672 0.000000 0.773602 0.341561 0.341561 0.341561
1044.663696 0.000000 2034.683716 0.000000 0.233569 0.000000 0.972340 0.249191 0.249191 0.249191
1031.415771 0.000000 2036.124023 0.000000 0.857568 0.000000 -0.514370 0.590708 0.590708 0.590708
1025.824951 0.000000 2042.676270 0.000000 0.992564 0.000000 -0.121721 0.521096 0.521096 0.521096
1034.758301 0.000000 2040.587769 0.000000 0.991198 0.000000 0.132387 0.476382 0.476382 0.476382
1026.841675 0.000000 2034.752441 0.000000 0.036167 0.000000 0.999346 0.218403 0.218403 0.218403
1034.131348 0.000000 2035.309937 0.000000 0.697661 0.000000 0.716428 0.362420 0.362420 0.362420
1039.539307 0.000000 2035.216431 0.000000 0.172309 0.000000 0.985043 0.246158 0.246158 0.246158
1035.901001 0.000000 2034.081909 0.000000 0.995372 0.000000 0.096100 0.483420 0.483420 0.483420
1043.910034 0.000000 2036.664185 0.000000 0.999937 0.000000 -0.011196 0.501964 0.501964 0.501964
1042.840820 0.000000 2033.882690 0.000000 0.392944 0.000000 -0.919562 0.701024 0.701024 0.701024
1029.208862 0.000000 2044.043335 0.000000 0.202993 0.000000 -0.979180 0.735376 0.735376 0.735376
1036.389893 0.000000 2041.656128 0.000000 0.234206 0.000000 -0.972187 0.740692 0.740692 0.740692
1037.643799 0.000000 2035.027954 0.000000 0.995838 0.000000 -0.091146 0.516008 0.516008 0.516008
1037.262695 0.000000 2038.088745 0.000000 0.885149 0.000000 -0.465308 0.585184 0.585184 0.585184
1031.100708 0.000000 2042.825928 0.000000 0.344166 0.000000 -0.938909 0.715392 0.715392 0.715392
1034.417725 0.000000 2037.055176 0.000000 0.970657 0.000000 -0.240466 0.543046 0.543046 0.543046
1023.913513 0.000000 2036.791870 0.000000 0.719745 0.000000 -0.694239 0.636498 0.636498 0.636498
1025.713989 0.000000 2044.865479 0.000000 0.999139 0.000000 -0.041480 0.507407 0.507407 0.507407
1028.594116 0.000000 2035.256836 0.000000 0.058516 0.000000 -0.998286 0.775604 0.775604 0.775604
1038.555420 0.000000 2039.009644 0.000000 0.986407 0.000000 -0.164322 0.530393 0.530393 0.530393
1025.626709 0.000000 2035.686279 0.000000 0.713050 0.000000 -0.701113 0.644508 0.644508 0.644508
988.249817 0.000000 2055.164795 0.000000 0.978630 0.000000 -0.205628 0.543691 0.543691 0.543691
976.949280 0.000000 2064.917480 0.000000 0.837082 0.000000 -0.547078 0.600440 0.600440 0.600440
960.255371 0.000000 2050.793213 0.000000 0.997667 0.000000 0.068273 0.487931 0.487931 0.487931
995.378601 0.000000 2048.062500 0.000000 0.929665 0.000000 0.368406 0.434771 0.434771 0.434771
968.684265 0.000000 2067.828125 0.000000 0.919815 0.000000 -0.392353 0.565176 0.565176 0.565176
988.655334 0.000000 2062.810791 0.000000 0.374141 0.000000 -0.927372 0.699344 0.699344 0.699344
1001.317749 0.000000 2049.571289 0.000000 0.915146 0.000000 -0.403123 0.571994 0.571994 0.571994
971.740662 0.000000 2062.928711 0.000000 0.136370 0.000000 -0.990658 0.747023 0.747023 0.747023
997.309875 0.000000 2053.244141 0.000000 0.788382 0.000000 -0.615187 0.609595 0.609595 0.609595
983.364258 0.000000 2052.802979 0.000000 0.989541 0.000000 -0.144250 0.523309 0.523309 0.523309
966.707336 0.000000 2062.403564 0.000000 0.861842 0.000000 -0.507177 0.598267 0.598267 0.598267
973.480957 0.000000 2068.283447 0.000000 0.977426 0.000000 0.211277 0.464524 0.464524 0.464524
992.577881 0.000000 2053.545166 0.000000 0.848288 0.000000 0.529534 0.396206 0.396206 0.396206
984.172119 0.000000 2057.423584 0.000000 0.191200 0.000000 0.981551 0.230720 0.230720 0.230720
990.960022 0.000000 2058.912354 0.000000 0.970052 0.000000 0.242898 0.459113 0.459113 0.459113
978.257507 0.000000 2060.808105 0.000000 0.784425 0.000000 0.620224 0.379741 0.379741 0.379741
965.870789 0.000000 2058.672119 0.000000 0.505848 0.000000 -0.862623 0.674032 0.674032 0.674032
980.663086 0.000000 2065.343506 0.000000 0.247283 0.000000 0.968943 0.282349 0.282349 0.282349
965.371216 0.000000 2065.822266 0.000000 0.114822 0.000000 0.993386 0.254686 0.254686 0.254686
1004.198730 0.000000 2047.652954 0.000000 0.192129 0.000000 -0.981370 0.741583 0.741583 0.741583
986.908936 0.000000 2052.047119 0.000000 0.705103 0.000000 -0.709105 0.632830 0.632830 0.632830
975.038635 0.000000 2062.129395 0.000000 0.528338 0.000000 0.849034 0.311375 0.311375 0.311375
960.414612 0.000000 2047.649902 0.000000 0.337855 0.000000 0.941198 0.291841 0.291841 0.291841
994.863403 0.000000 2051.205811 0.000000 0.993792 0.000000 0.111255 0.479125 0.479125 0.479125
969.030029 0.000000 2064.697998 0.000000 0.574302 0.000000 -0.818643 0.658622 0.658622 0.658622
995.080994 0.000000 2055.386230 0.000000 0.928365 0.000000 -0.371671 0.563697 0.563697 0.563697
992.458435 0.000000 2049.305420 0.000000 0.998055 0.000000 -0.062343 0.510552 0.510552 0.510552
973.800903 0.000000 2065.084717 0.000000 0.397247 0.000000 0.917712 0.305587 0.305587 0.305587
981.260376 0.000000 2059.125732 0.000000 0.560292 0.000000 0.828295 0.314805 0.314805 0.314805
985.686707 0.000000 2062.033691 0.000000 0.422481 0.000000 -0.906372 0.714571 0.714571 0.714571
990.027161 0.000000 2052.154053 0.000000 0.953075 0.000000 -0.302734 0.556820 0.556820 0.556820
991.384277 0.000000 2056.092041 0.000000 0.999902 0.000000 0.013965 0.497446 0.497446 0.497446
971.100098 0.000000 2069.757324 0.000000 0.964615 0.000000 -0.263663 0.546962 0.546962 0.546962
976.924377 0.000000 2067.737305 0.000000 0.605757 0.000000 0.795650 0.328298 0.328298 0.328298
985.478333 0.000000 2054.813965 0.000000 0.657469 0.000000 0.753482 0.335426 0.335426 0.335426
971.279358 0.000000 2066.295410 0.000000 0.811585 0.000000 0.584235 0.393688 0.393688 0.393688
982.211060 0.000000 2055.423828 0.000000 0.608876 0.000000 0.793265 0.332461 0.332461 0.332461
964.116211 0.000000 2063.394043 0.000000 0.884515 0.000000 -0.466512 0.592088 0.592088 0.592088
999.312927 0.000000 2047.553833 0.000000 0.737559 0.000000 0.675283 0.365354 0.365354 0.365354
979.080994 0.000000 2063.253174 0.000000 0.055823 0.000000 -0.998441 0.759076 0.759076 0.759076
1003.825439 0.000000 2050.210205 0.000000 0.351110 0.000000 -0.936334 0.709545 0.709545 0.709545
984.333679 0.000000 2059.969971 0.000000 0.828037 0.000000 0.560673 0.396356 0.396356 0.396356
988.850769 0.000000 2057.603516 0.000000 0.684079 0.000000 0.729408 0.347959 0.347959 0.347959
990.594360 0.000000 2061.321289 0.000000 0.864700 0.000000 0.502288 0.404422 0.404422 0.404422
993.440857 0.000000 2057.310303 0.000000 0.971737 0.000000 0.236064 0.454188 0.454188 0.454188
986.445923 0.000000 2057.111084 0.000000 0.863914 0.000000 0.503639 0.403808 0.403808 0.403808
993.187439 0.000000 2059.579102 0.000000 0.785867 0.000000 -0.618396 0.623169 0.623169 0.623169
1017.229492 0.000000 2047.570557 0.000000 0.481660 0.000000 -0.876358 0.699353 0.699353 0.699353
1019.470642 0.000000 2047.616943 0.000000 0.374060 0.000000 -0.927404 0.714180 0.714180 0.714180
965.356934 0.000000 2060.786133 0.000000 0.483184 0.000000 -0.875519 0.698363 0.698363 0.698363
975.003357 0.000000 2066.848633 0.000000 0.490204 0.000000 0.871608 0.300489 0.300489 0.300489
969.631226 0.000000 2062.589111 0.000000 0.990962 0.000000 -0.134146 0.524522 0.524522 0.524522
990.339233 0.000000 2054.201660 0.000000 0.986193 0.000000 -0.165602 0.532605 0.532605 0.532605
992.248291 0.000000 2051.352783 0.000000 0.807855 0.000000 -0.589381 0.612116 0.612116 0.612116
977.117554 0.000000 2062.546387 0.000000 0.316911 0.000000 0.948455 0.284182 0.284182 0.284182
961.250793 0.000000 2052.584961 0.000000 0.754688 0.000000 0.656084 0.368240 0.368240 0.368240
995.288757 0.000000 2053.199219 0.000000 0.986686 0.000000 -0.162637 0.530792 0.530792 0.530792
997.359802 0.000000 2048.140869 0.000000 0.976342 0.000000 -0.216230 0.539721 0.539721 0.539721
967.376160 0.000000 2066.095215 0.000000 0.343311 0.000000 0.939222 0.279116 0.279116 0.279116
986.450012 0.000000 2063.818115 0.000000 0.060371 0.000000 0.998176 0.220964 0.220964 0.220964
988.494690 0.000000 2053.292725 0.000000 0.958044 0.000000 0.286622 0.448654 0.448654 0.448654
981.325500 0.000000 2057.205566 0.000000 0.362921 0.000000 -0.931820 0.732062 0.732062 0.732062
993.049622 0.000000 2055.315430 0.000000 0.134621 0.000000 0.990897 0.209659 0.209659 0.209659
996.183838 0.000000 2049.885498 0.000000 0.920408 0.000000 0.390959 0.426796 0.426796 0.426796
1002.351685 0.000000 2048.102539 0.000000 0.809085 0.000000 -0.587692 0.611744 0.611744 0.611744
984.631958 0.000000 2063.496338 0.000000 0.748495 0.000000 0.663141 0.362891 0.362891 0.362891
1005.602051 0.000000 2048.729980 0.000000 0.943910 0.000000 0.330203 0.438250 0.438250 0.438250
990.630859 0.000000 2050.498535 0.000000 0.993180 0.000000 0.116587 0.479287 0.479287 0.479287
967.183533 0.000000 2060.587402 0.000000 0.845706 0.000000 -0.533648 0.604346 0.604346 0.604346
983.956543 0.000000 2055.641846 0.000000 0.406473 0.000000 -0.913663 0.710706 0.710706 0.710706
983.006653 0.000000 2058.818115 0.000000 0.220914 0.000000 -0.975293 0.765871 0.765871 0.765871
973.050964 0.000000 2066.622803 0.000000 0.551423 0.000000 -0.834225 0.675518 0.675518 0.675518
989.732300 0.000000 2055.899414 0.000000 0.732214 0.000000 -0.681074 0.658056 0.658056 0.658056
969.467468 0.000000 2069.408691 0.000000 0.989422 0.000000 0.145066 0.472923 0.472923 0.472923
967.044800 0.000000 2067.753418 0.000000 0.136053 0.000000 0.990701 0.240388 0.240388 0.240388
993.587769 0.000000 2052.219727 0.000000 0.885500 0.000000 0.464640 0.410123 0.410123 0.410123
968.159973 0.000000 2063.189453 0.000000 0.516773 0.000000 0.856122 0.312700 0.312700 0.312700
970.540710 0.000000 2064.144287 0.000000 0.988840 0.000000 -0.148982 0.526973 0.526973 0.526973
990.398560 0.000000 2057.356934 0.000000 0.298892 0.000000 -0.954287 0.731747 0.731747 0.731747
984.109253 0.000000 2054.130615 0.000000 0.269825 0.000000 -0.962909 0.750250 0.750250 0.750250
964.236816 0.000000 2061.791748 0.000000 0.872005 0.000000 0.489496 0.404862 0.404862 0.404862
986.749634 0.000000 2055.630615 0.000000 0.081514 0.000000 0.996672 0.205361 0.205361 0.205361
991.939575 0.000000 2057.598633 0.000000 0.371492 0.000000 0.928436 0.282349 0.282349 0.282349
984.097534 0.000000 2062.067871 0.000000 0.927792 0.000000 0.373097 0.427693 0.427693 0.427693
977.598694 0.000000 2066.297607 0.000000 0.896063 0.000000 -0.443928 0.585840 0.585840 0.585840
991.505432 0.000000 2052.598633 0.000000 0.020637 0.000000 0.999787 0.213617 0.213617 0.213617
982.933899 0.000000 2056.665771 0.000000 0.992298 0.000000 0.123877 0.474730 0.474730 0.474730
985.283264 0.000000 2056.269531 0.000000 0.034614 0.000000 0.999401 0.199901 0.199901 0.199901
991.711060 0.000000 2054.687256 0.000000 0.728474 0.000000 -0.685073 0.647906 0.647906 0.647906
980.126648 0.000000 2057.852295 0.000000 0.999952 0.000000 -0.009828 0.501902 0.501902 0.501902
965.372864 0.000000 2062.853271 0.000000 0.028168 0.000000 -0.999603 0.792694 0.792694 0.792694
993.962036 0.000000 2056.175537 0.000000 0.484475 0.000000 0.874805 0.295264 0.295264 0.295264
982.363220 0.000000 2057.811768 0.000000 0.874725 0.000000 0.484620 0.397059 0.397059 0.397059
989.145996 0.000000 2054.301270 0.000000 0.622364 0.000000 0.782728 0.310341 0.310341 0.310341
1172.825439 0.000000 2682.405762 0.000000 0.344505 0.000000 0.938785 0.305216 0.305216 0.305216
1192.181030 0.000000 2685.300049 0.000000 0.999660 0.000000 0.026085 0.495832 0.495832 0.495832
1202.221313 0.000000 2683.751953 0.000000 0.569904 0.000000 0.821711 0.345908 0.345908 0.345908
1084.426025 0.000000 2748.064453 0.000000 0.677899 0.000000 0.735155 0.368039 0.368039 0.368039
1108.833252 0.000000 2746.390137 0.000000 0.999806 0.000000 -0.019684 0.503157 0.503157 0.503157
1144.507446 0.000000 2739.697998 0.000000 0.225131 0.000000 -0.974328 0.716375 0.716375 0.716375
1125.072021 0.000000 2733.261475 0.000000 0.947969 0.000000 0.318361 0.448029 0.448029 0.448029
1139.564087 0.000000 2724.178223 0.000000 0.862001 0.000000 0.506907 0.414731 0.414731 0.414731
1093.428833 0.000000 2745.899658 0.000000 0.032995 0.000000 -0.999456 0.746667 0.746667 0.746667
1128.188843 0.000000 2749.284424 0.000000 0.830621 0.000000 0.556838 0.405270 0.405270 0.405270
1104.308105 0.000000 2732.701904 0.000000 0.623656 0.000000 0.781699 0.356057 0.356057 0.356057
1125.215210 0.000000 2720.474121 0.000000 0.977399 0.000000 0.211403 0.465965 0.465965 0.465965
1147.136719 0.000000 2713.936768 0.000000 0.226354 0.000000 0.974045 0.285502 0.285502 0.285502
1114.836914 0.000000 2729.149170 0.000000 0.496027 0.000000 -0.868307 0.668709 0.668709 0.668709
1119.181885 0.000000 2743.277588 0.000000 0.841218 0.000000 -0.540696 0.591633 0.591633 0.591633
1133.510620 0.000000 2739.799072 0.000000 1.000000 0.000000 -0.000812 0.500130 0.500130 0.500130
1148.418335 0.000000 2748.064453 0.000000 0.602561 0.000000 0.798073 0.351773 0.351773 0.351773
1148.324829 0.000000 2731.153320 0.000000 0.189455 0.000000 0.981889 0.277752 0.277752 0.277752
1138.229126 0.000000 2747.736328 0.000000 0.643677 0.000000 -0.765297 0.639792 0.639792 0.639792
1096.428467 0.000000 2737.211914 0.000000 0.816469 0.000000 0.577390 0.401267 0.401267 0.401267
1111.538086 0.000000 2737.759277 0.000000 0.999983 0.000000 -0.005855 0.500939 0.500939 0.500939
1133.756470 0.000000 2730.644287 0.000000 0.391056 0.000000 -0.920367 0.688244 0.688244 0.688244
1101.294922 0.000000 2743.791748 0.000000 0.943340 0.000000 -0.331827 0.554255 0.554255 0.554255
1149.137207 0.000000 2723.495605 0.000000 0.991355 0.000000 -0.131207 0.521107 0.521107 0.521107
1140.540771 0.000000 2733.663086 0.000000 0.458387 0.000000 0.888752 0.324420 0.324420 0.324420
1116.371460 0.000000 2750.317139 0.000000 0.616983 0.000000 0.786977 0.354692 0.354692 0.354692
1118.566040 0.000000 2736.010986 0.000000 0.106035 0.000000 -0.994362 0.734920 0.734920 0.734920
1127.714478 0.000000 2726.782959 0.000000 0.801396 0.000000 -0.598135 0.602846 0.602846 0.602846
1126.819214 0.000000 2739.732178 0.000000 0.954355 0.000000 0.298674 0.451349 0.451349 0.451349
1075.571899 0.000000 2788.162598 0.000000 0.602666 0.000000 0.797993 0.352371 0.352371 0.352371
1082.285767 0.000000 2764.853516 0.000000 0.802748 0.000000 0.596318 0.397916 0.397916 0.397916
1083.144531 0.000000 2777.921143 0.000000 0.838161 0.000000 -0.545423 0.592536 0.592536 0.592536
1084.332642 0.000000 2795.137695 0.000000 0.384163 0.000000 -0.923265 0.687979 0.687979 0.687979
1085.145020 0.000000 2787.479980 0.000000 0.918908 0.000000 -0.394472 0.565042 0.565042 0.565042
1089.369385 0.000000 2767.184570 0.000000 0.643728 0.000000 0.765254 0.360219 0.360219 0.360219
1136.145386 0.000000 2773.271484 0.000000 0.840240 0.000000 0.542214 0.408435 0.408435 0.408435
1110.840698 0.000000 2782.760010 0.000000 0.860749 0.000000 -0.509030 0.585664 0.585664 0.585664
1116.234253 0.000000 2758.992920 0.000000 0.225619 0.000000 -0.974216 0.716295 0.716295 0.716295
1089.843140 0.000000 2794.339600 0.000000 0.498239 0.000000 0.867040 0.332355 0.332355 0.332355
1142.920410 0.000000 2752.080322 0.000000 0.105078 0.000000 0.994464 0.264925 0.264925 0.264925
1099.248901 0.000000 2752.114990 0.000000 0.223639 0.000000 -0.974672 0.715782 0.715782 0.715782
1104.933716 0.000000 2768.745605 0.000000 0.090791 0.000000 -0.995870 0.737377 0.737377 0.737377
1096.034180 0.000000 2780.652588 0.000000 0.717644 0.000000 0.696410 0.376428 0.376428 0.376428
1130.852417 0.000000 2759.274658 0.000000 0.169896 0.000000 0.985462 0.274550 0.274550 0.274550
1121.656494 0.000000 2772.239990 0.000000 0.995714 0.000000 -0.092484 0.514856 0.514856 0.514856
1146.277954 0.000000 2764.853516 0.000000 0.524226 0.000000 -0.851579 0.662813 0.662813 0.662813
1088.239746 0.000000 2754.621338 0.000000 0.748090 0.000000 -0.663597 0.615938 0.615938 0.615938
1123.363037 0.000000 2751.890625 0.000000 0.135003 0.000000 -0.990845 0.731135 0.731135 0.731135
1097.542480 0.000000 2761.573486 0.000000 0.994533 0.000000 0.104419 0.483220 0.483220 0.483220
1109.441650 0.000000 2751.682129 0.000000 0.954211 0.000000 0.299136 0.451082 0.451082 0.451082
1088.097778 0.000000 2776.206787 0.000000 0.988809 0.000000 -0.149189 0.524020 0.524020 0.524020
1088.581177 0.000000 2785.493896 0.000000 0.801277 0.000000 0.598293 0.397122 0.397122 0.397122
1112.882568 0.000000 2773.660400 0.000000 0.682453 0.000000 -0.730929 0.631991 0.631991 0.631991
1107.506104 0.000000 2760.351807 0.000000 0.578847 0.000000 0.815436 0.347058 0.347058 0.347058
1137.625977 0.000000 2764.809814 0.000000 0.863112 0.000000 -0.505013 0.584917 0.584917 0.584917
1129.408813 0.000000 2767.740234 0.000000 0.675499 0.000000 0.737361 0.367001 0.367001 0.367001
1104.073120 0.000000 2777.915771 0.000000 0.990026 0.000000 -0.140886 0.522674 0.522674 0.522674
1096.668701 0.000000 2771.656250 0.000000 0.617983 0.000000 0.786191 0.354896 0.354896 0.354896
1118.801025 0.000000 2779.587402 0.000000 0.292870 0.000000 0.956152 0.295715 0.295715 0.295715
1123.389893 0.000000 2762.472900 0.000000 0.495315 0.000000 0.868713 0.331160 0.331160 0.331160
1116.639771 0.000000 2766.638916 0.000000 0.913651 0.000000 0.406498 0.432852 0.432852 0.432852
1135.417236 0.000000 2752.756348 0.000000 0.688146 0.000000 0.725572 0.369774 0.369774 0.369774
1140.751465 0.000000 2758.631348 0.000000 0.980629 0.000000 -0.195874 0.531623 0.531623 0.531623
1172.825439 0.000000 2746.390137 0.000000 0.043127 0.000000 -0.999070 0.744087 0.744087 0.744087
1153.361572 0.000000 2703.200195 0.000000 0.709806 0.000000 -0.704397 0.624879 0.624879 0.624879
1200.137573 0.000000 2709.287109 0.000000 0.153313 0.000000 0.988178 0.271844 0.271844 0.271844
1174.832886 0.000000 2718.775635 0.000000 0.792568 0.000000 0.609783 0.394810 0.394810 0.394810
1180.226440 0.000000 2695.008545 0.000000 0.614487 0.000000 -0.788927 0.645816 0.645816 0.645816
1153.835327 0.000000 2730.355225 0.000000 0.716635 0.000000 -0.697448 0.623804 0.623804 0.623804
1206.912598 0.000000 2688.095947 0.000000 0.573907 0.000000 -0.818920 0.653312 0.653312 0.653312
1189.064209 0.000000 2733.261475 0.000000 0.975996 0.000000 0.217789 0.464921 0.464921 0.464921
1163.241089 0.000000 2688.130615 0.000000 0.349446 0.000000 -0.936957 0.693943 0.693943 0.693943
1203.556274 0.000000 2724.178223 0.000000 0.393170 0.000000 0.919466 0.312854 0.312854 0.312854
1157.421021 0.000000 2745.899658 0.000000 0.185395 0.000000 0.982664 0.278814 0.278814 0.278814
1168.925903 0.000000 2704.761230 0.000000 0.114232 0.000000 0.993454 0.266403 0.266403 0.266403
1160.026367 0.000000 2716.668213 0.000000 0.400180 0.000000 -0.916437 0.685197 0.685197 0.685197
1168.300293 0.000000 2732.701904 0.000000 0.994758 0.000000 -0.102259 0.516495 0.516495 0.516495
1194.844604 0.000000 2695.290283 0.000000 0.244667 0.000000 -0.969607 0.712313 0.712313 0.712313
1185.648682 0.000000 2708.255615 0.000000 0.965078 0.000000 -0.261962 0.542681 0.542681 0.542681
1210.270142 0.000000 2700.869141 0.000000 0.817947 0.000000 0.575293 0.401679 0.401679 0.401679
1189.207397 0.000000 2720.474121 0.000000 0.568949 0.000000 0.822373 0.345120 0.345120 0.345120
1211.128906 0.000000 2713.936768 0.000000 0.490580 0.000000 0.871396 0.330287 0.330287 0.330287
1178.829102 0.000000 2729.149170 0.000000 0.181806 0.000000 -0.983334 0.722635 0.722635 0.722635
1183.174072 0.000000 2743.277588 0.000000 0.138991 0.000000 -0.990294 0.728700 0.728700 0.728700
1187.355225 0.000000 2687.906250 0.000000 0.949360 0.000000 0.314189 0.448934 0.448934 0.448934
1161.534668 0.000000 2697.589111 0.000000 0.689847 0.000000 -0.723955 0.629849 0.629849 0.629849
1173.433838 0.000000 2687.697754 0.000000 0.865924 0.000000 0.500176 0.416307 0.416307 0.416307
1212.317017 0.000000 2731.153320 0.000000 0.954017 0.000000 -0.299752 0.548642 0.548642 0.548642
1163.231934 0.000000 2725.151855 0.000000 0.919413 0.000000 -0.393294 0.564837 0.564837 0.564837
1160.420654 0.000000 2737.211914 0.000000 0.342713 0.000000 0.939440 0.304149 0.304149 0.304149
1152.573364 0.000000 2721.509521 0.000000 0.760614 0.000000 0.649204 0.386669 0.386669 0.386669
1176.874756 0.000000 2709.676025 0.000000 0.649844 0.000000 0.760068 0.360966 0.360966 0.360966
1175.530273 0.000000 2737.759277 0.000000 0.999943 0.000000 0.010629 0.498295 0.498295 0.498295
1171.498291 0.000000 2696.367432 0.000000 0.950343 0.000000 0.311204 0.449239 0.449239 0.449239
1201.618164 0.000000 2700.825439 0.000000 0.869570 0.000000 -0.493810 0.583165 0.583165 0.583165
1193.401001 0.000000 2703.755859 0.000000 0.748866 0.000000 0.662721 0.383796 0.383796 0.383796
1197.997192 0.000000 2717.630127 0.000000 0.093929 0.000000 -0.995579 0.736872 0.736872 0.736872
1168.065308 0.000000 2713.931396 0.000000 0.553848 0.000000 0.832618 0.342192 0.342192 0.342192
1160.660889 0.000000 2707.671875 0.000000 0.894591 0.000000 0.446886 0.425688 0.425688 0.425688
1152.360352 0.000000 2738.460449 0.000000 0.363305 0.000000 0.931670 0.307679 0.307679 0.307679
1165.287109 0.000000 2743.791748 0.000000 0.974643 0.000000 0.223765 0.463801 0.463801 0.463801
1182.793213 0.000000 2715.603027 0.000000 0.893228 0.000000 0.449603 0.425201 0.425201 0.425201
1187.382080 0.000000 2698.488525 0.000000 0.281522 0.000000 -0.959555 0.706185 0.706185 0.706185
1191.787231 0.000000 2712.927490 0.000000 0.554094 0.000000 -0.832454 0.657760 0.657760 0.657760
1180.631958 0.000000 2702.654541 0.000000 0.240216 0.000000 -0.970720 0.713049 0.713049 0.713049
1171.484741 0.000000 2725.562988 0.000000 0.231698 0.000000 -0.972788 0.715289 0.715289 0.715289
1199.409424 0.000000 2688.771973 0.000000 0.766230 0.000000 0.642566 0.388064 0.388064 0.388064
1207.231201 0.000000 2707.870117 0.000000 0.471134 0.000000 0.882062 0.326729 0.326729 0.326729
1182.575195 0.000000 2723.152588 0.000000 0.996601 0.000000 -0.082386 0.513230 0.513230 0.513230
1204.743652 0.000000 2694.646973 0.000000 0.323145 0.000000 -0.946350 0.699180 0.699180 0.699180
1191.706665 0.000000 2726.782959 0.000000 0.881005 0.000000 -0.473106 0.579049 0.579049 0.579049
1205.378906 0.000000 2717.566650 0.000000 0.405577 0.000000 -0.914061 0.684975 0.684975 0.684975
1173.924194 0.000000 2731.966553 0.000000 0.534724 0.000000 -0.845027 0.662093 0.662093 0.662093
1204.311035 0.000000 2712.446289 0.000000 0.715717 0.000000 0.698391 0.375502 0.375502 0.375502
1217.353760 0.000000 2703.200195 0.000000 0.852815 0.000000 0.522213 0.412210 0.412210 0.412210
1216.224121 0.000000 2690.636963 0.000000 0.977299 0.000000 0.211865 0.465890 0.465890 0.465890
1163.241089 0.000000 2752.114990 0.000000 0.925255 0.000000 0.379346 0.437832 0.437832 0.437832
1152.231934 0.000000 2754.621338 0.000000 0.999505 0.000000 0.031455 0.494973 0.494973 0.494973
1173.433838 0.000000 2751.682129 0.000000 0.846184 0.000000 0.532891 0.410202 0.410202 0.410202
"}
