object={
	name="tree_leaf_high_generator_3_0"
	clamp_to_water_level=no
	render_under_water=no
	generated_content=yes
	layer="tree_high_layer"
	pdxmesh="tree_leaf_01_c_mesh"
	count=812
	transform="877.541748 0.000000 2227.924072 0.000000 0.749215 0.000000 0.662327 0.796096 0.796096 0.796096
860.402649 0.000000 2238.442139 0.000000 0.985665 0.000000 -0.168714 0.802133 0.802133 0.802133
862.597290 0.000000 2224.135986 0.000000 0.828915 0.000000 0.559375 0.791108 0.791108 0.791108
869.325500 0.000000 2245.197266 0.000000 0.682623 0.000000 -0.730771 0.827005 0.827005 0.827005
916.856628 0.000000 2234.515137 0.000000 0.987544 0.000000 -0.157341 0.801799 0.801799 0.801799
952.530823 0.000000 2227.822998 0.000000 0.537120 0.000000 -0.843506 0.819847 0.819847 0.819847
933.095398 0.000000 2221.386475 0.000000 0.998068 0.000000 -0.062129 0.800261 0.800261 0.800261
936.212158 0.000000 2237.409424 0.000000 0.411043 0.000000 -0.911616 0.819934 0.819934 0.819934
912.957092 0.000000 2192.886230 0.000000 0.554476 0.000000 -0.832200 0.803534 0.803534 0.803534
922.860229 0.000000 2217.274170 0.000000 0.669495 0.000000 -0.742817 0.813545 0.813545 0.813545
927.205322 0.000000 2231.402588 0.000000 0.982815 0.000000 -0.184594 0.800890 0.800890 0.800890
941.533936 0.000000 2227.924072 0.000000 0.018992 0.000000 0.999820 0.720967 0.720967 0.720967
946.252502 0.000000 2235.861328 0.000000 0.954449 0.000000 0.298375 0.788018 0.788018 0.788018
919.561523 0.000000 2225.884277 0.000000 0.814422 0.000000 0.580273 0.791840 0.791840 0.791840
941.779846 0.000000 2218.769287 0.000000 0.997544 0.000000 -0.070046 0.800546 0.800546 0.800546
924.394836 0.000000 2238.442139 0.000000 0.999054 0.000000 0.043493 0.799140 0.799140 0.799140
934.842590 0.000000 2227.857178 0.000000 0.478742 0.000000 0.877955 0.772392 0.772392 0.772392
947.066284 0.000000 2230.034180 0.000000 0.533717 0.000000 -0.845663 0.839854 0.839854 0.839854
940.837341 0.000000 2233.690430 0.000000 0.068640 0.000000 -0.997642 0.838701 0.838701 0.838701
930.141541 0.000000 2236.621826 0.000000 0.929980 0.000000 0.367609 0.789850 0.789850 0.789850
938.499329 0.000000 2223.303467 0.000000 0.278225 0.000000 0.960516 0.749804 0.749804 0.749804
951.544861 0.000000 2233.219238 0.000000 0.836604 0.000000 0.547808 0.789232 0.789232 0.789232
933.874512 0.000000 2232.893555 0.000000 0.749268 0.000000 0.662267 0.780917 0.780917 0.780917
944.133301 0.000000 2223.667725 0.000000 0.172795 0.000000 0.984958 0.735542 0.735542 0.735542
943.522278 0.000000 2231.005127 0.000000 0.600456 0.000000 0.799657 0.767239 0.767239 0.767239
938.247742 0.000000 2226.993408 0.000000 0.025295 0.000000 -0.999680 0.869451 0.869451 0.869451
945.165894 0.000000 2227.025391 0.000000 0.218032 0.000000 0.975942 0.727147 0.727147 0.727147
941.185669 0.000000 2224.907227 0.000000 0.496100 0.000000 0.868265 0.747698 0.747698 0.747698
961.384949 0.000000 2191.325195 0.000000 0.761073 0.000000 0.648667 0.795348 0.795348 0.795348
1016.523010 0.000000 2227.822998 0.000000 0.945247 0.000000 -0.326355 0.812151 0.812151 0.812151
961.858643 0.000000 2218.480225 0.000000 0.335402 0.000000 -0.942075 0.814725 0.814725 0.814725
997.087585 0.000000 2221.386475 0.000000 0.974472 0.000000 0.224508 0.797829 0.797829 0.797829
1010.244690 0.000000 2235.861328 0.000000 0.958571 0.000000 -0.284853 0.817480 0.817480 0.817480
1006.020508 0.000000 2205.755127 0.000000 0.543225 0.000000 0.839587 0.784476 0.784476 0.784476
1012.556335 0.000000 2221.788086 0.000000 0.251457 0.000000 -0.967868 0.829188 0.829188 0.829188
990.581665 0.000000 2224.135986 0.000000 0.019322 0.000000 -0.999813 0.828818 0.828818 0.828818
975.466003 0.000000 2208.417725 0.000000 0.993411 0.000000 -0.114610 0.806745 0.806745 0.806745
1021.312561 0.000000 2196.292480 0.000000 0.944144 0.000000 -0.329532 0.819718 0.819718 0.819718
1011.058472 0.000000 2230.034180 0.000000 0.233888 0.000000 0.972264 0.724826 0.724826 0.724826
1022.050049 0.000000 2226.554932 0.000000 0.899223 0.000000 -0.437490 0.806783 0.806783 0.806783
1004.829529 0.000000 2233.690430 0.000000 0.472103 0.000000 -0.881544 0.875003 0.875003 0.875003
1002.491516 0.000000 2223.303467 0.000000 0.987081 0.000000 -0.160221 0.802893 0.802893 0.802893
1015.537048 0.000000 2233.219238 0.000000 0.921653 0.000000 0.388014 0.785197 0.785197 0.785197
965.460571 0.000000 2239.406494 0.000000 0.830383 0.000000 -0.557193 0.819122 0.819122 0.819122
964.140259 0.000000 2222.829834 0.000000 0.350701 0.000000 0.936488 0.760770 0.760770 0.760770
1008.125488 0.000000 2223.667725 0.000000 0.231706 0.000000 0.972786 0.766355 0.766355 0.766355
1017.552307 0.000000 2223.163574 0.000000 0.037952 0.000000 -0.999280 0.836737 0.836737 0.836737
994.316101 0.000000 2227.463623 0.000000 0.929846 0.000000 0.367950 0.788034 0.788034 0.788034
990.960022 0.000000 2186.881104 0.000000 0.028458 0.000000 -0.999595 0.846206 0.846206 0.846206
985.168152 0.000000 2193.421143 0.000000 0.778221 0.000000 0.627990 0.771116 0.771116 0.771116
1012.391785 0.000000 2226.014404 0.000000 0.635795 0.000000 0.771858 0.744526 0.744526 0.744526
1001.575989 0.000000 2231.028809 0.000000 0.948437 0.000000 -0.316967 0.809469 0.809469 0.809469
982.366150 0.000000 2238.176270 0.000000 0.672691 0.000000 -0.739923 0.827949 0.827949 0.827949
1007.514465 0.000000 2231.005127 0.000000 0.263575 0.000000 -0.964639 0.871885 0.871885 0.871885
971.666138 0.000000 2208.636230 0.000000 0.428876 0.000000 0.903363 0.753384 0.753384 0.753384
993.627808 0.000000 2222.421875 0.000000 0.999176 0.000000 0.040595 0.798346 0.798346 0.798346
1010.735840 0.000000 2239.443848 0.000000 0.609741 0.000000 -0.792601 0.870180 0.870180 0.870180
1002.239929 0.000000 2226.993408 0.000000 0.846292 0.000000 -0.532719 0.822890 0.822890 0.822890
1014.252686 0.000000 2230.243896 0.000000 0.098377 0.000000 0.995149 0.682676 0.682676 0.682676
1005.269897 0.000000 2221.862793 0.000000 0.693307 0.000000 0.720642 0.748890 0.748890 0.748890
1007.762634 0.000000 2234.093994 0.000000 0.260837 0.000000 -0.965383 0.903364 0.903364 0.903364
1004.509766 0.000000 2230.736816 0.000000 0.660529 0.000000 0.750800 0.748096 0.748096 0.748096
1010.751404 0.000000 2223.717529 0.000000 0.427410 0.000000 0.904058 0.714753 0.714753 0.714753
924.257629 0.000000 2247.117920 0.000000 0.332705 0.000000 0.943031 0.775648 0.775648 0.775648
936.212158 0.000000 2301.393799 0.000000 0.261817 0.000000 0.965118 0.774179 0.774179 0.774179
912.957092 0.000000 2256.870605 0.000000 0.851356 0.000000 0.524589 0.789081 0.789081 0.789081
955.160156 0.000000 2266.046143 0.000000 0.996870 0.000000 0.079065 0.797534 0.797534 0.797534
941.533936 0.000000 2291.908447 0.000000 0.745109 0.000000 -0.666942 0.807437 0.807437 0.807437
931.386414 0.000000 2240.015625 0.000000 0.737564 0.000000 -0.675278 0.814658 0.814658 0.814658
956.441650 0.000000 2300.173828 0.000000 0.999363 0.000000 0.035691 0.797989 0.797989 0.797989
915.529480 0.000000 2248.476807 0.000000 0.881582 0.000000 0.472030 0.790280 0.790280 0.790280
957.160583 0.000000 2275.604980 0.000000 0.963596 0.000000 0.267363 0.788000 0.788000 0.788000
951.262329 0.000000 2259.979492 0.000000 0.986245 0.000000 -0.165292 0.806865 0.806865 0.806865
949.410095 0.000000 2269.676025 0.000000 0.816835 0.000000 -0.576872 0.811053 0.811053 0.811053
934.842590 0.000000 2291.841553 0.000000 0.736353 0.000000 -0.676598 0.813358 0.813358 0.813358
918.618225 0.000000 2253.772949 0.000000 0.849953 0.000000 0.526858 0.790026 0.790026 0.790026
925.395142 0.000000 2241.176758 0.000000 0.766914 0.000000 0.641750 0.786223 0.786223 0.786223
948.342224 0.000000 2264.555664 0.000000 0.522846 0.000000 -0.852427 0.845864 0.845864 0.845864
907.062378 0.000000 2264.524170 0.000000 0.997881 0.000000 0.065073 0.798712 0.798712 0.798712
939.097961 0.000000 2261.232910 0.000000 0.365641 0.000000 0.930756 0.728311 0.728311 0.728311
932.179626 0.000000 2256.003174 0.000000 0.982068 0.000000 -0.188525 0.809659 0.809659 0.809659
930.985474 0.000000 2265.062256 0.000000 0.229327 0.000000 -0.973349 0.860190 0.860190 0.860190
950.003235 0.000000 2255.234131 0.000000 0.992206 0.000000 -0.124609 0.802695 0.802695 0.802695
937.049316 0.000000 2269.607910 0.000000 0.813777 0.000000 0.581178 0.766185 0.766185 0.766185
941.311462 0.000000 2265.323242 0.000000 0.873353 0.000000 0.487087 0.766469 0.766469 0.766469
945.791870 0.000000 2272.139160 0.000000 0.983072 0.000000 0.183222 0.794149 0.794149 0.794149
957.671875 0.000000 2255.919189 0.000000 0.776331 0.000000 -0.630325 0.820840 0.820840 0.820840
937.304504 0.000000 2273.886230 0.000000 0.586033 0.000000 0.810288 0.772266 0.772266 0.772266
933.177429 0.000000 2268.492920 0.000000 0.779182 0.000000 -0.626798 0.845055 0.845055 0.845055
952.178772 0.000000 2283.211182 0.000000 0.999191 0.000000 0.040210 0.798699 0.798699 0.798699
953.993469 0.000000 2257.244629 0.000000 0.977371 0.000000 -0.211532 0.811111 0.811111 0.811111
954.248291 0.000000 2262.393799 0.000000 0.668799 0.000000 0.743443 0.744755 0.744755 0.744755
944.411987 0.000000 2275.293457 0.000000 0.997245 0.000000 0.074184 0.796396 0.796396 0.796396
948.806885 0.000000 2273.266113 0.000000 0.997297 0.000000 0.073473 0.794316 0.794316 0.794316
940.255310 0.000000 2272.525391 0.000000 0.775689 0.000000 0.631115 0.759896 0.759896 0.759896
948.103760 0.000000 2261.182373 0.000000 0.740216 0.000000 -0.672369 0.837556 0.837556 0.837556
944.430908 0.000000 2264.609619 0.000000 0.441913 0.000000 -0.897058 0.866692 0.866692 0.866692
958.845093 0.000000 2302.108154 0.000000 0.983790 0.000000 0.179325 0.790709 0.790709 0.790709
938.467896 0.000000 2266.889404 0.000000 0.887117 0.000000 -0.461544 0.839380 0.839380 0.839380
943.083862 0.000000 2272.570312 0.000000 0.602121 0.000000 0.798405 0.736288 0.736288 0.736288
954.754272 0.000000 2259.797363 0.000000 0.858819 0.000000 -0.512280 0.841893 0.841893 0.841893
934.687561 0.000000 2270.528076 0.000000 0.620271 0.000000 -0.784388 0.868615 0.868615 0.868615
1016.523010 0.000000 2291.807373 0.000000 0.984710 0.000000 -0.174204 0.803672 0.803672 0.803672
1014.936035 0.000000 2240.205322 0.000000 0.999656 0.000000 0.026234 0.799953 0.799953 0.799953
965.444397 0.000000 2298.009033 0.000000 0.964944 0.000000 -0.262455 0.817980 0.817980 0.817980
1002.868042 0.000000 2247.399658 0.000000 0.999176 0.000000 -0.040578 0.800657 0.800657 0.800657
993.671997 0.000000 2260.364990 0.000000 0.619396 0.000000 0.785079 0.796213 0.796213 0.796213
995.378601 0.000000 2240.015625 0.000000 0.142455 0.000000 0.989801 0.789734 0.789734 0.789734
1020.433838 0.000000 2300.173828 0.000000 0.705833 0.000000 0.708378 0.794340 0.794340 0.794340
1020.340393 0.000000 2283.262695 0.000000 0.163665 0.000000 0.986516 0.789888 0.789888 0.789888
1001.424438 0.000000 2255.865234 0.000000 0.854368 0.000000 0.519669 0.786576 0.786576 0.786576
1007.432800 0.000000 2240.881348 0.000000 0.030480 0.000000 0.999535 0.750163 0.750163 0.750163
959.984802 0.000000 2300.524658 0.000000 0.971007 0.000000 -0.239052 0.815476 0.815476 0.815476
1001.317749 0.000000 2241.524414 0.000000 0.629863 0.000000 -0.776706 0.822382 0.822382 0.822382
1022.050049 0.000000 2290.539307 0.000000 0.991977 0.000000 0.126416 0.795975 0.795975 0.795975
1021.530212 0.000000 2240.259766 0.000000 0.366255 0.000000 -0.930514 0.823644 0.823644 0.823644
965.460571 0.000000 2303.390869 0.000000 0.098689 0.000000 -0.995118 0.912007 0.912007 0.912007
965.243896 0.000000 2263.779541 0.000000 0.830225 0.000000 -0.557428 0.814880 0.814880 0.814880
1023.241577 0.000000 2295.522949 0.000000 0.031332 0.000000 -0.999509 0.860878 0.860878 0.860878
996.171814 0.000000 2256.003174 0.000000 0.346310 0.000000 0.938120 0.771558 0.771558 0.771558
998.369263 0.000000 2260.126709 0.000000 0.999822 0.000000 -0.018887 0.800441 0.800441 0.800441
1019.067139 0.000000 2295.014404 0.000000 0.146137 0.000000 0.989264 0.745389 0.745389 0.745389
1011.823486 0.000000 2239.889893 0.000000 0.227782 0.000000 -0.973712 0.902846 0.902846 0.902846
938.875854 0.000000 2311.384033 0.000000 0.116277 0.000000 -0.993217 0.855766 0.855766 0.855766
929.679810 0.000000 2324.349365 0.000000 0.921159 0.000000 0.389187 0.798563 0.798563 0.798563
915.515930 0.000000 2341.656738 0.000000 0.136294 0.000000 -0.990668 0.864444 0.864444 0.864444
937.325562 0.000000 2305.508789 0.000000 0.966713 0.000000 0.255863 0.795504 0.795504 0.795504
957.538025 0.000000 2304.244141 0.000000 0.708030 0.000000 -0.706182 0.846041 0.846041 0.846041
933.317688 0.000000 2309.181641 0.000000 0.407659 0.000000 -0.913134 0.821377 0.821377 0.821377
928.585693 0.000000 2309.482666 0.000000 0.383576 0.000000 0.923509 0.767556 0.767556 0.767556
918.899597 0.000000 2343.976807 0.000000 0.664298 0.000000 -0.747468 0.840973 0.840973 0.840973
954.268066 0.000000 2305.405762 0.000000 0.979135 0.000000 -0.203211 0.809932 0.809932 0.809932
936.559265 0.000000 2308.726807 0.000000 0.999626 0.000000 -0.027355 0.801705 0.801705 0.801705
934.064636 0.000000 2305.951416 0.000000 0.702790 0.000000 -0.711397 0.846475 0.846475 0.846475
971.264404 0.000000 2304.224365 0.000000 0.905636 0.000000 0.424055 0.790554 0.790554 0.790554
960.255371 0.000000 2306.730713 0.000000 0.770635 0.000000 0.637277 0.761912 0.761912 0.761912
986.852417 0.000000 2345.242920 0.000000 0.126430 0.000000 -0.991975 0.829417 0.829417 0.829417
969.558105 0.000000 2313.682861 0.000000 0.389656 0.000000 -0.920960 0.851900 0.851900 0.851900
979.521667 0.000000 2312.461182 0.000000 0.742183 0.000000 -0.670197 0.843568 0.843568 0.843568
973.310486 0.000000 2359.885498 0.000000 0.991386 0.000000 -0.130972 0.807398 0.807398 0.807398
990.598572 0.000000 2339.246338 0.000000 0.982678 0.000000 -0.185320 0.808041 0.808041 0.808041
976.475647 0.000000 2307.192139 0.000000 0.998897 0.000000 0.046953 0.796961 0.796961 0.796961
965.135620 0.000000 2341.469727 0.000000 0.053232 0.000000 0.998582 0.701799 0.701799 0.701799
1004.829529 0.000000 2361.659180 0.000000 0.738666 0.000000 -0.674071 0.858947 0.858947 0.858947
962.645264 0.000000 2332.979736 0.000000 0.585349 0.000000 0.810782 0.769975 0.769975 0.769975
987.451416 0.000000 2335.687744 0.000000 0.391266 0.000000 -0.920278 0.830813 0.830813 0.830813
992.969177 0.000000 2335.696777 0.000000 0.562565 0.000000 0.826753 0.760927 0.760927 0.760927
964.051697 0.000000 2304.691162 0.000000 0.381397 0.000000 0.924411 0.740636 0.740636 0.740636
1004.423767 0.000000 2366.202881 0.000000 0.871753 0.000000 0.489946 0.772389 0.772389 0.772389
989.978455 0.000000 2343.010010 0.000000 0.337965 0.000000 -0.941159 0.857300 0.857300 0.857300
967.966736 0.000000 2304.775391 0.000000 0.860884 0.000000 -0.508801 0.828145 0.828145 0.828145
1007.591064 0.000000 2365.638672 0.000000 0.943825 0.000000 -0.330445 0.822196 0.822196 0.822196
1001.124817 0.000000 2362.369873 0.000000 0.159967 0.000000 -0.987122 0.899700 0.899700 0.899700
960.414612 0.000000 2303.587402 0.000000 0.928591 0.000000 -0.371105 0.825742 0.825742 0.825742
969.103638 0.000000 2310.337402 0.000000 0.783463 0.000000 -0.621438 0.839375 0.839375 0.839375
969.544617 0.000000 2307.417969 0.000000 0.826086 0.000000 0.563544 0.758031 0.758031 0.758031
990.275574 0.000000 2334.758057 0.000000 0.436713 0.000000 0.899601 0.729609 0.729609 0.729609
988.229431 0.000000 2332.966309 0.000000 0.999385 0.000000 -0.035058 0.802374 0.802374 0.802374
995.378601 0.000000 2367.984375 0.000000 0.825693 0.000000 -0.564120 0.808260 0.808260 0.808260
1007.432800 0.000000 2368.850098 0.000000 0.668418 0.000000 -0.743786 0.817086 0.817086 0.817086
1005.098572 0.000000 2403.811523 0.000000 0.875835 0.000000 0.482610 0.767108 0.767108 0.767108
1001.317749 0.000000 2369.493164 0.000000 0.399920 0.000000 0.916550 0.776382 0.776382 0.776382
976.255554 0.000000 2429.563232 0.000000 0.997175 0.000000 0.075118 0.798739 0.798739 0.798739
997.309875 0.000000 2373.166016 0.000000 0.999992 0.000000 -0.004018 0.800193 0.800193 0.800193
992.577881 0.000000 2373.467041 0.000000 0.263279 0.000000 -0.964720 0.849237 0.849237 0.849237
995.896606 0.000000 2404.562500 0.000000 0.855111 0.000000 -0.518444 0.817308 0.817308 0.817308
1001.296692 0.000000 2401.854980 0.000000 0.426295 0.000000 -0.904584 0.861635 0.861635 0.861635
1004.198730 0.000000 2367.574707 0.000000 0.461431 0.000000 -0.887176 0.858843 0.858843 0.858843
1008.404175 0.000000 2403.262207 0.000000 0.626849 0.000000 0.779141 0.731490 0.731490 0.731490
1000.551453 0.000000 2372.711182 0.000000 0.742277 0.000000 -0.670093 0.832559 0.832559 0.832559
994.863403 0.000000 2371.127686 0.000000 0.017774 0.000000 -0.999842 0.882817 0.882817 0.882817
995.080994 0.000000 2375.308105 0.000000 0.914238 0.000000 0.405178 0.766006 0.766006 0.766006
999.313232 0.000000 2403.978760 0.000000 0.873541 0.000000 -0.486751 0.833810 0.833810 0.833810
990.816589 0.000000 2459.665527 0.000000 0.410787 0.000000 -0.911731 0.855690 0.855690 0.855690
994.977661 0.000000 2457.015381 0.000000 0.204658 0.000000 0.978834 0.735403 0.735403 0.735403
989.452759 0.000000 2455.039551 0.000000 0.004096 0.000000 -0.999992 0.861017 0.861017 0.861017
989.508545 0.000000 2450.820312 0.000000 0.944799 0.000000 -0.327651 0.822402 0.822402 0.822402
992.545288 0.000000 2446.809814 0.000000 0.408257 0.000000 -0.912867 0.876501 0.876501 0.876501
990.605835 0.000000 2448.551758 0.000000 0.688118 0.000000 -0.725599 0.857890 0.857890 0.857890
988.249817 0.000000 2503.055420 0.000000 0.361462 0.000000 -0.932387 0.885630 0.885630 0.885630
995.405518 0.000000 2506.535400 0.000000 0.843314 0.000000 -0.537422 0.827876 0.827876 0.827876
992.577881 0.000000 2501.435791 0.000000 0.402916 0.000000 0.915237 0.747355 0.747355 0.747355
990.960022 0.000000 2506.802979 0.000000 0.560424 0.000000 -0.828206 0.846194 0.846194 0.846194
995.080994 0.000000 2503.276855 0.000000 0.837920 0.000000 -0.545793 0.839435 0.839435 0.839435
1044.841064 0.000000 2170.530762 0.000000 0.279038 0.000000 0.960280 0.789196 0.789196 0.789196
1061.079834 0.000000 2157.402100 0.000000 0.989632 0.000000 0.143628 0.799655 0.799655 0.799655
1029.436523 0.000000 2170.040283 0.000000 0.534293 0.000000 -0.845300 0.816896 0.816896 0.816896
1040.315918 0.000000 2156.842529 0.000000 0.556078 0.000000 -0.831130 0.822927 0.822927 0.822927
1055.189697 0.000000 2167.418213 0.000000 0.854977 0.000000 0.518667 0.788238 0.788238 0.788238
1037.302612 0.000000 2167.932373 0.000000 0.382113 0.000000 0.924116 0.766100 0.766100 0.766100
1062.826904 0.000000 2163.872803 0.000000 0.153099 0.000000 0.988211 0.732073 0.732073 0.732073
1045.939819 0.000000 2156.107178 0.000000 0.954370 0.000000 -0.298627 0.806541 0.806541 0.806541
1037.858643 0.000000 2161.143799 0.000000 0.789882 0.000000 -0.613259 0.857356 0.857356 0.857356
1058.308228 0.000000 2163.479248 0.000000 0.541359 0.000000 -0.840792 0.870015 0.870015 0.870015
1033.135864 0.000000 2166.311035 0.000000 0.078214 0.000000 -0.996937 0.869753 0.869753 0.869753
1052.543335 0.000000 2163.894043 0.000000 0.066195 0.000000 -0.997807 0.879331 0.879331 0.879331
1041.251587 0.000000 2168.800537 0.000000 0.175586 0.000000 0.984464 0.744862 0.744862 0.744862
1057.619995 0.000000 2158.437500 0.000000 0.588753 0.000000 0.808313 0.758265 0.758265 0.758265
1058.782593 0.000000 2167.181152 0.000000 0.972870 0.000000 -0.231351 0.808673 0.808673 0.808673
1063.105103 0.000000 2160.182373 0.000000 0.998506 0.000000 0.054635 0.797871 0.797871 0.797871
1040.886108 0.000000 2161.066895 0.000000 0.172298 0.000000 -0.985045 0.892116 0.892116 0.892116
1046.957397 0.000000 2158.958008 0.000000 0.287909 0.000000 -0.957658 0.867425 0.867425 0.867425
1055.394043 0.000000 2164.448975 0.000000 0.952239 0.000000 -0.305353 0.826030 0.826030 0.826030
1049.543091 0.000000 2164.175537 0.000000 0.040434 0.000000 0.999182 0.702804 0.702804 0.702804
1061.313232 0.000000 2166.262939 0.000000 0.992377 0.000000 -0.123241 0.810142 0.810142 0.810142
1027.720703 0.000000 2167.366455 0.000000 0.661261 0.000000 -0.750156 0.874717 0.874717 0.874717
1025.377197 0.000000 2191.325195 0.000000 0.777750 0.000000 -0.628573 0.816291 0.816291 0.816291
1072.153198 0.000000 2197.412109 0.000000 0.020295 0.000000 0.999794 0.762839 0.762839 0.762839
1046.848511 0.000000 2206.900635 0.000000 0.999605 0.000000 0.028102 0.799630 0.799630 0.799630
1061.079834 0.000000 2221.386475 0.000000 0.010928 0.000000 -0.999940 0.842993 0.842993 0.842993
1029.436523 0.000000 2234.024658 0.000000 0.279723 0.000000 0.960081 0.779946 0.779946 0.779946
1040.941406 0.000000 2192.886230 0.000000 0.551926 0.000000 -0.833893 0.846678 0.846678 0.846678
1057.664185 0.000000 2196.380615 0.000000 0.939198 0.000000 -0.343376 0.815331 0.815331 0.815331
1061.223022 0.000000 2208.599121 0.000000 0.218634 0.000000 0.975807 0.795145 0.795145 0.795145
1069.518311 0.000000 2227.924072 0.000000 0.566215 0.000000 0.824257 0.794775 0.794775 0.794775
1048.890259 0.000000 2197.801025 0.000000 0.882527 0.000000 -0.470261 0.823468 0.823468 0.823468
1065.416626 0.000000 2191.880859 0.000000 0.326130 0.000000 -0.945325 0.859370 0.859370 0.859370
1032.676392 0.000000 2195.796875 0.000000 0.784284 0.000000 -0.620402 0.822456 0.822456 0.822456
1063.802856 0.000000 2201.052490 0.000000 0.267399 0.000000 0.963586 0.768841 0.768841 0.768841
1079.246704 0.000000 2195.995117 0.000000 0.145870 0.000000 -0.989304 0.815362 0.815362 0.815362
1062.826904 0.000000 2227.857178 0.000000 0.816893 0.000000 0.576790 0.784529 0.784529 0.784529
1035.732788 0.000000 2190.897461 0.000000 0.135182 0.000000 0.990821 0.731206 0.731206 0.731206
1076.326538 0.000000 2200.571289 0.000000 0.873554 0.000000 -0.486727 0.812183 0.812183 0.812183
1045.377441 0.000000 2201.732910 0.000000 0.808571 0.000000 -0.588399 0.841839 0.841839 0.841839
1029.236084 0.000000 2199.795166 0.000000 0.963623 0.000000 0.267264 0.794326 0.794326 0.794326
1035.046753 0.000000 2200.539795 0.000000 0.950172 0.000000 0.311727 0.793352 0.793352 0.793352
1067.082397 0.000000 2197.248535 0.000000 0.950331 0.000000 -0.311241 0.807585 0.807585 0.807585
1030.699585 0.000000 2190.372314 0.000000 0.140042 0.000000 -0.990146 0.834280 0.834280 0.834280
1060.163940 0.000000 2192.018799 0.000000 0.119940 0.000000 0.992781 0.752197 0.752197 0.752197
1070.447876 0.000000 2192.799561 0.000000 0.780610 0.000000 -0.625019 0.816181 0.816181 0.816181
1037.473145 0.000000 2196.252197 0.000000 0.235210 0.000000 -0.971945 0.863913 0.863913 0.863913
1058.969849 0.000000 2201.077881 0.000000 0.580686 0.000000 -0.814127 0.822798 0.822798 0.822798
1026.219849 0.000000 2196.047119 0.000000 0.585021 0.000000 0.811018 0.778463 0.778463 0.778463
1050.064331 0.000000 2203.308105 0.000000 0.946426 0.000000 -0.322921 0.819308 0.819308 0.819308
1053.444946 0.000000 2199.102051 0.000000 0.888878 0.000000 -0.458144 0.819961 0.819961 0.819961
1065.033691 0.000000 2205.623535 0.000000 0.407270 0.000000 -0.913308 0.827594 0.827594 0.827594
1062.361450 0.000000 2196.142334 0.000000 0.754440 0.000000 0.656369 0.782840 0.782840 0.782840
1069.295776 0.000000 2201.338867 0.000000 0.926743 0.000000 -0.375696 0.809231 0.809231 0.809231
1054.952148 0.000000 2186.881104 0.000000 0.989962 0.000000 -0.141333 0.805098 0.805098 0.805098
1049.160278 0.000000 2193.421143 0.000000 0.615450 0.000000 -0.788176 0.836445 0.836445 0.836445
1056.961426 0.000000 2207.728027 0.000000 0.675751 0.000000 -0.737130 0.833769 0.833769 0.833769
1053.500732 0.000000 2194.882812 0.000000 0.701736 0.000000 0.712437 0.765316 0.765316 0.765316
1056.537476 0.000000 2190.872314 0.000000 0.994096 0.000000 0.108507 0.795701 0.795701 0.795701
1051.203735 0.000000 2187.361328 0.000000 0.993767 0.000000 -0.111478 0.804552 0.804552 0.804552
1040.483521 0.000000 2198.489014 0.000000 0.977401 0.000000 0.211395 0.787238 0.787238 0.787238
1057.883423 0.000000 2204.635742 0.000000 0.534947 0.000000 0.844886 0.751762 0.751762 0.751762
1046.120239 0.000000 2198.670410 0.000000 0.990823 0.000000 -0.135169 0.808692 0.808692 0.808692
1040.916504 0.000000 2195.706055 0.000000 0.992568 0.000000 0.121694 0.791959 0.791959 0.791959
1025.850830 0.000000 2282.464600 0.000000 0.991078 0.000000 0.133280 0.797918 0.797918 0.797918
1029.436523 0.000000 2298.009033 0.000000 0.830116 0.000000 0.557591 0.775192 0.775192 0.775192
1032.436157 0.000000 2289.321289 0.000000 0.999965 0.000000 -0.008423 0.800237 0.800237 0.800237
1048.890259 0.000000 2261.785400 0.000000 0.667383 0.000000 0.744715 0.760234 0.760234 0.760234
1024.375977 0.000000 2290.569824 0.000000 0.977073 0.000000 0.212906 0.791773 0.791773 0.791773
1029.452759 0.000000 2303.390869 0.000000 0.294398 0.000000 -0.955683 0.870878 0.870878 0.870878
1045.377441 0.000000 2265.717285 0.000000 0.787386 0.000000 0.616460 0.767365 0.767365 0.767365
1049.282104 0.000000 2276.183838 0.000000 0.327791 0.000000 0.944750 0.767393 0.767393 0.767393
1028.786499 0.000000 2292.874023 0.000000 0.131308 0.000000 0.991342 0.748264 0.748264 0.748264
1037.858643 0.000000 2289.112549 0.000000 0.948447 0.000000 -0.316936 0.807343 0.807343 0.807343
1025.175049 0.000000 2295.999023 0.000000 0.032235 0.000000 0.999480 0.739157 0.739157 0.739157
1033.135864 0.000000 2294.279785 0.000000 0.042890 0.000000 0.999080 0.745072 0.745072 0.745072
1049.160278 0.000000 2257.405518 0.000000 0.689815 0.000000 -0.723986 0.847052 0.847052 0.847052
1043.423462 0.000000 2273.580322 0.000000 0.973929 0.000000 0.226853 0.787934 0.787934 0.787934
1042.824097 0.000000 2269.295898 0.000000 0.999020 0.000000 0.044251 0.797772 0.797772 0.797772
1027.360229 0.000000 2300.754639 0.000000 0.970178 0.000000 -0.242393 0.810122 0.810122 0.810122
1046.093384 0.000000 2275.721191 0.000000 0.279843 0.000000 0.960046 0.735216 0.735216 0.735216
1031.128052 0.000000 2300.749756 0.000000 0.963951 0.000000 0.266081 0.786767 0.786767 0.786767
1046.862915 0.000000 2259.490723 0.000000 0.924333 0.000000 -0.381586 0.831669 0.831669 0.831669
1046.120239 0.000000 2262.654785 0.000000 0.277542 0.000000 0.960713 0.715779 0.715779 0.715779
1104.933716 0.000000 2256.870605 0.000000 0.873557 0.000000 0.486722 0.774415 0.774415 0.774415
1096.034180 0.000000 2268.777588 0.000000 0.871926 0.000000 -0.489637 0.815022 0.815022 0.815022
1104.308105 0.000000 2284.811279 0.000000 0.517065 0.000000 -0.855946 0.809849 0.809849 0.809849
1099.239746 0.000000 2277.261230 0.000000 0.510195 0.000000 0.860059 0.752231 0.752231 0.752231
1104.073120 0.000000 2266.040771 0.000000 0.306398 0.000000 0.951904 0.787172 0.787172 0.787172
1143.239014 0.000000 2259.979492 0.000000 0.210288 0.000000 0.977639 0.784530 0.784530 0.784530
1141.386719 0.000000 2269.676025 0.000000 0.354859 0.000000 -0.934920 0.820267 0.820267 0.820267
1103.450439 0.000000 2272.402100 0.000000 0.467886 0.000000 0.883789 0.753240 0.753240 0.753240
1140.318848 0.000000 2264.555664 0.000000 0.279017 0.000000 -0.960286 0.839359 0.839359 0.839359
1099.038940 0.000000 2264.524170 0.000000 0.740902 0.000000 0.671613 0.769997 0.769997 0.769997
1107.743042 0.000000 2260.931885 0.000000 0.340127 0.000000 0.940380 0.772137 0.772137 0.772137
1101.465332 0.000000 2260.236572 0.000000 0.177895 0.000000 0.984049 0.725773 0.725773 0.725773
1103.235840 0.000000 2280.113037 0.000000 0.833144 0.000000 -0.553056 0.819663 0.819663 0.819663
1100.473267 0.000000 2269.086914 0.000000 0.979044 0.000000 -0.203648 0.811919 0.811919 0.811919
1103.649536 0.000000 2276.351562 0.000000 0.445474 0.000000 0.895295 0.759463 0.759463 0.759463
1099.650635 0.000000 2272.620605 0.000000 0.944408 0.000000 -0.328775 0.814653 0.814653 0.814653
1272.491821 0.000000 2227.822998 0.000000 0.555222 0.000000 0.831702 0.699957 0.699957 0.699957
1267.548462 0.000000 2212.303223 0.000000 0.608524 0.000000 0.793536 0.796705 0.796705 0.796705
1275.121094 0.000000 2202.061768 0.000000 0.626980 0.000000 0.779035 0.695649 0.695649 0.695649
1276.402710 0.000000 2236.189453 0.000000 0.728632 0.000000 0.684906 0.684725 0.684725 0.684725
1276.309204 0.000000 2219.278320 0.000000 0.103305 0.000000 -0.994650 1.024188 1.024188 1.024188
1277.121582 0.000000 2211.620605 0.000000 0.017921 0.000000 -0.999839 1.037262 1.037262 1.037262
1268.525146 0.000000 2221.788086 0.000000 0.964086 0.000000 0.265590 0.792591 0.792591 0.792591
1277.281372 0.000000 2196.292480 0.000000 0.997010 0.000000 0.077278 0.796107 0.796107 0.796107
1278.018799 0.000000 2226.554932 0.000000 0.977042 0.000000 -0.213049 0.832803 0.832803 0.832803
1272.545654 0.000000 2215.064941 0.000000 0.355550 0.000000 -0.934657 0.937441 0.937441 0.937441
1271.505859 0.000000 2233.219238 0.000000 0.548840 0.000000 0.835928 0.769160 0.769160 0.769160
1273.521118 0.000000 2223.163574 0.000000 0.986163 0.000000 0.165776 0.783335 0.783335 0.783335
1271.629150 0.000000 2210.760010 0.000000 0.517752 0.000000 -0.855530 0.855359 0.855359 0.855359
1272.139771 0.000000 2219.226807 0.000000 0.997041 0.000000 -0.076867 0.808437 0.808437 0.808437
1274.209229 0.000000 2198.409424 0.000000 0.811056 0.000000 -0.584968 0.837064 0.837064 0.837064
1278.510742 0.000000 2199.784424 0.000000 0.988589 0.000000 -0.150638 0.817486 0.817486 0.817486
1273.371338 0.000000 2237.803223 0.000000 0.945379 0.000000 -0.325974 0.813330 0.813330 0.813330
1270.610474 0.000000 2223.993652 0.000000 0.071831 0.000000 0.997417 0.716477 0.716477 0.716477
1273.574707 0.000000 2204.642090 0.000000 0.926368 0.000000 -0.376619 0.829846 0.829846 0.829846
1279.831055 0.000000 2197.338135 0.000000 0.591056 0.000000 -0.806630 0.862975 0.862975 0.862975
1153.835327 0.000000 2282.464600 0.000000 0.491380 0.000000 0.870946 0.789232 0.789232 0.789232
1178.829102 0.000000 2281.258545 0.000000 0.918362 0.000000 0.395741 0.796099 0.796099 0.796099
1163.231934 0.000000 2277.261230 0.000000 0.040927 0.000000 0.999162 0.759668 0.759668 0.759668
1182.575195 0.000000 2275.261963 0.000000 0.740806 0.000000 0.671719 0.761165 0.761165 0.761165
1167.442627 0.000000 2272.402100 0.000000 0.088580 0.000000 0.996069 0.778687 0.778687 0.778687
1160.116333 0.000000 2282.945557 0.000000 0.539684 0.000000 0.841867 0.788607 0.788607 0.788607
1197.075195 0.000000 2275.842773 0.000000 0.633524 0.000000 -0.773723 0.833925 0.833925 0.833925
1177.266602 0.000000 2276.183838 0.000000 0.503372 0.000000 0.864070 0.772495 0.772495 0.772495
1184.945801 0.000000 2271.712402 0.000000 0.928503 0.000000 -0.371324 0.815044 0.815044 0.815044
1193.273315 0.000000 2273.886230 0.000000 0.988911 0.000000 -0.148507 0.806341 0.806341 0.806341
1185.906982 0.000000 2274.471680 0.000000 0.661491 0.000000 -0.749953 0.851825 0.851825 0.851825
1277.499023 0.000000 2240.259766 0.000000 0.381012 0.000000 -0.924570 0.867162 0.867162 0.867162
1239.333130 0.000000 2244.756104 0.000000 0.952974 0.000000 -0.303053 0.806826 0.806826 0.806826
1300.809814 0.000000 2234.515137 0.000000 0.187551 0.000000 -0.982255 0.964798 0.964798 0.964798
1328.121948 0.000000 2197.412109 0.000000 0.991317 0.000000 0.131497 0.784433 0.784433 0.784433
1302.817261 0.000000 2206.900635 0.000000 0.792040 0.000000 -0.610469 0.881444 0.881444 0.881444
1281.819702 0.000000 2218.480225 0.000000 0.475024 0.000000 -0.879973 0.964371 0.964371 0.964371
1331.540649 0.000000 2212.303223 0.000000 0.401869 0.000000 0.915697 0.721648 0.721648 0.721648
1285.405396 0.000000 2234.024658 0.000000 0.955402 0.000000 0.295309 0.754197 0.754197 0.754197
1288.010742 0.000000 2204.793213 0.000000 0.887778 0.000000 -0.460271 0.836683 0.836683 0.836683
1313.633057 0.000000 2196.380615 0.000000 0.228806 0.000000 0.973472 0.706066 0.706066 0.706066
1317.191772 0.000000 2208.599121 0.000000 0.560048 0.000000 0.828460 0.733310 0.733310 0.733310
1339.113281 0.000000 2202.061768 0.000000 0.783455 0.000000 0.621448 0.697541 0.697541 0.697541
1306.813477 0.000000 2217.274170 0.000000 0.356063 0.000000 0.934462 0.744325 0.744325 0.744325
1311.158447 0.000000 2231.402588 0.000000 0.179127 0.000000 -0.983826 0.885827 0.885827 0.885827
1340.301392 0.000000 2219.278320 0.000000 0.451908 0.000000 -0.892065 0.811884 0.811884 0.811884
1291.216309 0.000000 2213.276855 0.000000 0.475747 0.000000 -0.879582 0.900479 0.900479 0.900479
1280.074341 0.000000 2200.347412 0.000000 0.966341 0.000000 0.257266 0.760246 0.760246 0.760246
1280.557739 0.000000 2209.634521 0.000000 0.996336 0.000000 -0.085531 0.813084 0.813084 0.813084
1304.859131 0.000000 2197.801025 0.000000 0.550802 0.000000 -0.834636 0.853250 0.853250 0.853250
1303.514648 0.000000 2225.884277 0.000000 0.451262 0.000000 -0.892392 0.968468 0.968468 0.968468
1325.981567 0.000000 2205.755127 0.000000 0.548073 0.000000 0.836431 0.648626 0.648626 0.648626
1296.049683 0.000000 2202.056396 0.000000 0.999248 0.000000 0.038780 0.796258 0.796258 0.796258
1280.344727 0.000000 2226.585449 0.000000 0.975553 0.000000 0.219766 0.766146 0.766146 0.766146
1293.271484 0.000000 2231.916748 0.000000 0.325765 0.000000 0.945451 0.610698 0.610698 0.610698
1310.777588 0.000000 2203.728027 0.000000 0.979856 0.000000 0.199707 0.770124 0.770124 0.770124
1319.771606 0.000000 2201.052490 0.000000 0.999733 0.000000 0.023091 0.797011 0.797011 0.797011
1341.113770 0.000000 2211.620605 0.000000 0.991067 0.000000 0.133362 0.779563 0.779563 0.779563
1299.469116 0.000000 2213.687988 0.000000 0.847424 0.000000 -0.530917 0.862039 0.862039 0.862039
1335.215576 0.000000 2195.995117 0.000000 0.819736 0.000000 0.572742 0.760902 0.760902 0.760902
1310.559570 0.000000 2211.277588 0.000000 0.172636 0.000000 -0.984986 0.862791 0.862791 0.862791
1310.542603 0.000000 2224.135986 0.000000 0.354223 0.000000 -0.935161 0.910082 0.910082 0.910082
1333.363281 0.000000 2205.691650 0.000000 0.984300 0.000000 -0.176502 0.827109 0.827109 0.827109
1288.100708 0.000000 2218.961182 0.000000 0.427565 0.000000 0.903985 0.728295 0.728295 0.728295
1325.059570 0.000000 2211.858398 0.000000 0.362475 0.000000 0.931993 0.707258 0.707258 0.707258
1341.273560 0.000000 2196.292480 0.000000 0.911712 0.000000 -0.410830 0.826635 0.826635 0.826635
1279.945801 0.000000 2236.540283 0.000000 0.467946 0.000000 -0.883757 0.965597 0.965597 0.965597
1297.925171 0.000000 2227.912842 0.000000 0.905727 0.000000 0.423861 0.733124 0.733124 0.733124
1285.096558 0.000000 2213.500977 0.000000 0.768463 0.000000 0.639894 0.693910 0.693910 0.693910
1290.205566 0.000000 2237.166748 0.000000 0.906743 0.000000 -0.421684 0.866509 0.866509 0.866509
1336.537842 0.000000 2215.064941 0.000000 0.054550 0.000000 -0.998511 0.889939 0.889939 0.889939
1296.216553 0.000000 2237.610107 0.000000 0.973988 0.000000 0.226599 0.773840 0.773840 0.773840
1305.548340 0.000000 2231.260498 0.000000 0.440892 0.000000 -0.897560 0.970238 0.970238 0.970238
1301.908569 0.000000 2220.091553 0.000000 0.616677 0.000000 -0.787216 0.938470 0.938470 0.938470
1301.346313 0.000000 2201.732910 0.000000 0.996976 0.000000 0.077713 0.792869 0.792869 0.792869
1305.250977 0.000000 2212.199463 0.000000 0.808640 0.000000 0.588304 0.775504 0.775504 0.775504
1285.204834 0.000000 2199.795166 0.000000 0.980823 0.000000 0.194902 0.782253 0.782253 0.782253
1291.015503 0.000000 2200.539795 0.000000 0.106443 0.000000 0.994319 0.745609 0.745609 0.745609
1323.051147 0.000000 2197.248535 0.000000 0.896684 0.000000 -0.442672 0.839566 0.839566 0.839566
1299.719604 0.000000 2196.947510 0.000000 0.958509 0.000000 -0.285062 0.809526 0.809526 0.809526
1288.010376 0.000000 2209.652100 0.000000 0.102009 0.000000 -0.994783 0.919673 0.919673 0.919673
1314.938721 0.000000 2201.077881 0.000000 0.593576 0.000000 -0.804778 0.914883 0.914883 0.914883
1282.188721 0.000000 2196.047119 0.000000 0.959728 0.000000 0.280930 0.781061 0.781061 0.781061
1295.212402 0.000000 2216.128662 0.000000 0.261500 0.000000 -0.965204 0.951052 0.951052 0.951052
1306.033203 0.000000 2203.308105 0.000000 0.500955 0.000000 0.865473 0.652078 0.652078 0.652078
1309.413818 0.000000 2199.102051 0.000000 0.589537 0.000000 -0.807742 0.885638 0.885638 0.885638
1318.330322 0.000000 2196.142334 0.000000 0.726053 0.000000 -0.687639 0.852700 0.852700 0.852700
1307.412476 0.000000 2207.718994 0.000000 0.162980 0.000000 0.986629 0.646558 0.646558 0.646558
1306.096924 0.000000 2221.854248 0.000000 0.105900 0.000000 0.994377 0.617458 0.617458 0.617458
1292.449829 0.000000 2205.102539 0.000000 0.656751 0.000000 -0.754107 0.874221 0.874221 0.874221
1291.902222 0.000000 2221.122803 0.000000 0.297998 0.000000 0.954566 0.708056 0.708056 0.708056
1305.039917 0.000000 2235.553467 0.000000 0.883388 0.000000 0.468643 0.760839 0.760839 0.760839
1312.930176 0.000000 2207.728027 0.000000 0.928225 0.000000 0.372019 0.763685 0.763685 0.763685
1330.897949 0.000000 2194.198242 0.000000 0.219091 0.000000 0.975704 0.710220 0.710220 0.710220
1309.469604 0.000000 2194.882812 0.000000 0.949185 0.000000 0.314719 0.787915 0.787915 0.787915
1321.257690 0.000000 2209.901855 0.000000 0.328954 0.000000 0.944346 0.703756 0.703756 0.703756
1299.392212 0.000000 2209.595947 0.000000 0.991169 0.000000 0.132606 0.783823 0.783823 0.783823
1342.154053 0.000000 2215.614014 0.000000 0.031789 0.000000 -0.999495 0.947540 0.947540 0.947540
1317.130615 0.000000 2204.508545 0.000000 0.489101 0.000000 -0.872227 0.931438 0.931438 0.931438
1302.852783 0.000000 2216.008057 0.000000 0.228158 0.000000 -0.973624 0.930128 0.930128 0.930128
1337.946655 0.000000 2193.260254 0.000000 0.975177 0.000000 0.221426 0.793043 0.793043 0.793043
1302.327148 0.000000 2238.176270 0.000000 0.711118 0.000000 0.703072 0.768232 0.768232 0.768232
1308.554077 0.000000 2234.165527 0.000000 0.934269 0.000000 0.356570 0.786456 0.786456 0.786456
1291.444214 0.000000 2217.049561 0.000000 0.985567 0.000000 0.169288 0.788483 0.788483 0.788483
1338.201416 0.000000 2198.409424 0.000000 0.064597 0.000000 -0.997911 0.986806 0.986806 0.986806
1342.502930 0.000000 2199.784424 0.000000 0.999517 0.000000 -0.031092 0.802646 0.802646 0.802646
1291.627197 0.000000 2208.636230 0.000000 0.331847 0.000000 0.943333 0.687748 0.687748 0.687748
1296.452393 0.000000 2198.489014 0.000000 0.412806 0.000000 0.910819 0.745789 0.745789 0.745789
1288.281372 0.000000 2215.394287 0.000000 0.901394 0.000000 0.433000 0.770216 0.770216 0.770216
1328.365234 0.000000 2211.309082 0.000000 0.281812 0.000000 0.959470 0.659859 0.659859 0.659859
1302.062256 0.000000 2211.736816 0.000000 0.720111 0.000000 0.693859 0.745783 0.745783 0.745783
1332.056885 0.000000 2197.197998 0.000000 0.917148 0.000000 0.398548 0.752104 0.752104 0.752104
1287.846069 0.000000 2201.590576 0.000000 0.148815 0.000000 -0.988865 0.928603 0.928603 0.928603
1299.316772 0.000000 2237.314453 0.000000 0.731246 0.000000 -0.682114 0.874662 0.874662 0.874662
1304.363159 0.000000 2200.782715 0.000000 0.882699 0.000000 0.469940 0.748703 0.748703 0.748703
1293.871582 0.000000 2218.850098 0.000000 0.914772 0.000000 0.403971 0.766362 0.766362 0.766362
1317.464111 0.000000 2199.067139 0.000000 0.090516 0.000000 -0.995895 0.945446 0.945446 0.945446
1312.435547 0.000000 2199.349365 0.000000 0.953146 0.000000 -0.302512 0.830015 0.830015 0.830015
1339.284546 0.000000 2214.089355 0.000000 0.820835 0.000000 0.571165 0.755926 0.755926 0.755926
1311.362915 0.000000 2228.433350 0.000000 0.979299 0.000000 0.202420 0.783024 0.783024 0.783024
1304.673584 0.000000 2209.139893 0.000000 0.454028 0.000000 0.890987 0.701180 0.701180 0.701180
1298.681030 0.000000 2200.359619 0.000000 0.122708 0.000000 0.992443 0.677687 0.677687 0.677687
1290.989624 0.000000 2223.968750 0.000000 0.995992 0.000000 0.089444 0.791145 0.791145 0.791145
1302.089111 0.000000 2198.670410 0.000000 0.999994 0.000000 -0.003443 0.800245 0.800245 0.800245
1310.236572 0.000000 2206.789307 0.000000 0.740324 0.000000 0.672250 0.726672 0.726672 0.726672
1325.689941 0.000000 2196.027344 0.000000 0.670657 0.000000 -0.741768 0.882120 0.882120 0.882120
1293.022949 0.000000 2202.534668 0.000000 0.994010 0.000000 0.109290 0.792717 0.792717 0.792717
1306.794556 0.000000 2199.715576 0.000000 0.938616 0.000000 -0.344964 0.830388 0.830388 0.830388
1289.643311 0.000000 2206.882812 0.000000 0.568615 0.000000 -0.822603 0.879293 0.879293 0.879293
1392.114136 0.000000 2197.412109 0.000000 0.526598 0.000000 0.850114 0.771383 0.771383 0.771383
1366.809448 0.000000 2206.900635 0.000000 0.668269 0.000000 -0.743920 0.928177 0.928177 0.928177
1345.811890 0.000000 2218.480225 0.000000 0.122930 0.000000 0.992415 0.777449 0.777449 0.777449
1395.532837 0.000000 2212.303223 0.000000 0.559961 0.000000 0.828519 0.760216 0.760216 0.760216
1352.002930 0.000000 2204.793213 0.000000 0.580527 0.000000 0.814241 0.654634 0.654634 0.654634
1360.276855 0.000000 2220.826904 0.000000 0.910149 0.000000 0.414282 0.775686 0.775686 0.775686
1377.625244 0.000000 2196.380615 0.000000 0.358299 0.000000 -0.933607 0.810103 0.810103 0.810103
1370.805664 0.000000 2217.274170 0.000000 0.999581 0.000000 0.028944 0.796895 0.796895 0.796895
1355.208496 0.000000 2213.276855 0.000000 0.270021 0.000000 0.962855 0.601775 0.601775 0.601775
1344.066528 0.000000 2200.347412 0.000000 0.289057 0.000000 -0.957312 0.966873 0.966873 0.966873
1344.549927 0.000000 2209.634521 0.000000 0.350270 0.000000 0.936649 0.614677 0.614677 0.614677
1368.851318 0.000000 2197.801025 0.000000 0.999984 0.000000 -0.005706 0.800038 0.800038 0.800038
1360.041870 0.000000 2202.056396 0.000000 0.888681 0.000000 -0.458526 0.872779 0.872779 0.872779
1352.637451 0.000000 2195.796875 0.000000 0.867255 0.000000 0.497864 0.794692 0.794692 0.794692
1374.769775 0.000000 2203.728027 0.000000 0.630362 0.000000 -0.776301 0.869229 0.869229 0.869229
1383.763794 0.000000 2201.052490 0.000000 0.999642 0.000000 0.026760 0.797835 0.797835 0.797835
1363.461304 0.000000 2213.687988 0.000000 0.801345 0.000000 -0.598203 0.897977 0.897977 0.897977
1383.683228 0.000000 2214.907959 0.000000 0.829204 0.000000 -0.558946 0.831984 0.831984 0.831984
1397.355469 0.000000 2205.691650 0.000000 0.768506 0.000000 0.639842 0.749248 0.749248 0.749248
1359.419189 0.000000 2208.417725 0.000000 0.490141 0.000000 0.871643 0.638266 0.638266 0.638266
1352.092896 0.000000 2218.961182 0.000000 0.977225 0.000000 0.212206 0.788213 0.788213 0.788213
1389.051758 0.000000 2211.858398 0.000000 0.746727 0.000000 0.665130 0.738088 0.738088 0.738088
1377.503418 0.000000 2216.337402 0.000000 0.461464 0.000000 0.887159 0.728737 0.728737 0.728737
1349.088745 0.000000 2213.500977 0.000000 0.792247 0.000000 0.610201 0.699723 0.699723 0.699723
1365.900757 0.000000 2220.091553 0.000000 0.484792 0.000000 0.874629 0.736846 0.736846 0.736846
1396.287598 0.000000 2200.571289 0.000000 0.362591 0.000000 -0.931948 0.859665 0.859665 0.859665
1365.338501 0.000000 2201.732910 0.000000 0.732779 0.000000 0.680467 0.743499 0.743499 0.743499
1349.197021 0.000000 2199.795166 0.000000 0.103961 0.000000 -0.994581 0.930058 0.930058 0.930058
1355.007690 0.000000 2200.539795 0.000000 0.939422 0.000000 -0.342763 0.851567 0.851567 0.851567
1387.043335 0.000000 2197.248535 0.000000 0.807269 0.000000 -0.590183 0.817399 0.817399 0.817399
1363.711792 0.000000 2196.947510 0.000000 0.656059 0.000000 0.754710 0.781553 0.781553 0.781553
1357.434082 0.000000 2196.252197 0.000000 0.494984 0.000000 0.868902 0.763407 0.763407 0.763407
1378.930908 0.000000 2201.077881 0.000000 0.358980 0.000000 -0.933345 0.881493 0.881493 0.881493
1346.180908 0.000000 2196.047119 0.000000 0.970025 0.000000 -0.243005 0.807354 0.807354 0.807354
1370.025391 0.000000 2203.308105 0.000000 0.080105 0.000000 0.996786 0.711580 0.711580 0.711580
1384.994751 0.000000 2205.623535 0.000000 0.950200 0.000000 0.311639 0.758604 0.758604 0.758604
1343.869995 0.000000 2214.270020 0.000000 0.383069 0.000000 -0.923720 0.912901 0.912901 0.912901
1382.322510 0.000000 2196.142334 0.000000 0.720547 0.000000 -0.693406 0.820200 0.820200 0.820200
1371.404663 0.000000 2207.718994 0.000000 0.999982 0.000000 0.006056 0.799343 0.799343 0.799343
1370.089111 0.000000 2221.854248 0.000000 0.151440 0.000000 -0.988466 0.874808 0.874808 0.874808
1389.256836 0.000000 2201.338867 0.000000 0.900931 0.000000 0.433963 0.763152 0.763152 0.763152
1393.737305 0.000000 2208.154785 0.000000 0.204271 0.000000 -0.978914 0.938228 0.938228 0.938228
1374.562378 0.000000 2219.662842 0.000000 0.896458 0.000000 -0.443128 0.828607 0.828607 0.828607
1355.894409 0.000000 2221.122803 0.000000 0.913401 0.000000 0.407061 0.784175 0.784175 0.784175
1376.922363 0.000000 2207.728027 0.000000 0.761917 0.000000 -0.647674 0.897513 0.897513 0.897513
1379.849731 0.000000 2212.609375 0.000000 0.574591 0.000000 0.818441 0.714411 0.714411 0.714411
1385.249878 0.000000 2209.901855 0.000000 0.657007 0.000000 0.753885 0.691015 0.691015 0.691015
1381.122803 0.000000 2204.508545 0.000000 0.717581 0.000000 -0.696475 0.898331 0.898331 0.898331
1366.844971 0.000000 2216.008057 0.000000 0.680465 0.000000 0.732780 0.689129 0.689129 0.689129
1393.535400 0.000000 2203.852295 0.000000 0.975441 0.000000 -0.220260 0.823552 0.823552 0.823552
1387.637817 0.000000 2215.547363 0.000000 0.098240 0.000000 0.995163 0.739127 0.739127 0.739127
1355.436401 0.000000 2217.049561 0.000000 0.839419 0.000000 0.543484 0.733900 0.733900 0.733900
1373.931641 0.000000 2215.041260 0.000000 0.708149 0.000000 0.706063 0.705120 0.705120 0.705120
1399.453857 0.000000 2202.627441 0.000000 0.066342 0.000000 0.997797 0.740508 0.740508 0.740508
1360.444580 0.000000 2198.489014 0.000000 0.291613 0.000000 -0.956536 0.874860 0.874860 0.874860
1349.104614 0.000000 2217.143066 0.000000 0.795577 0.000000 0.605852 0.752035 0.752035 0.752035
1392.357422 0.000000 2211.309082 0.000000 0.224331 0.000000 -0.974513 0.902312 0.902312 0.902312
1396.752319 0.000000 2209.281738 0.000000 0.446550 0.000000 0.894758 0.730963 0.730963 0.730963
1388.200684 0.000000 2208.541016 0.000000 0.815440 0.000000 0.578842 0.730464 0.730464 0.730464
1377.844360 0.000000 2204.635742 0.000000 0.509838 0.000000 0.860270 0.685185 0.685185 0.685185
1392.376343 0.000000 2200.625244 0.000000 0.609443 0.000000 -0.792830 0.874597 0.874597 0.874597
1386.413330 0.000000 2202.905029 0.000000 0.668634 0.000000 -0.743591 0.891932 0.891932 0.891932
1368.355347 0.000000 2200.782715 0.000000 0.984882 0.000000 0.173229 0.790403 0.790403 0.790403
1357.863770 0.000000 2218.850098 0.000000 0.971127 0.000000 -0.238564 0.819629 0.819629 0.819629
1376.781006 0.000000 2213.386475 0.000000 0.770255 0.000000 -0.637736 0.869613 0.869613 0.869613
1386.253418 0.000000 2212.802734 0.000000 0.962490 0.000000 0.271316 0.781397 0.781397 0.781397
1362.673218 0.000000 2200.359619 0.000000 0.615933 0.000000 -0.787798 0.879907 0.879907 0.879907
1383.266479 0.000000 2212.025635 0.000000 0.359856 0.000000 0.933008 0.703438 0.703438 0.703438
1352.443604 0.000000 2198.777100 0.000000 0.796047 0.000000 0.605235 0.734954 0.734954 0.734954
1368.220947 0.000000 2218.478027 0.000000 0.850380 0.000000 -0.526169 0.843823 0.843823 0.843823
1363.069946 0.000000 2221.033203 0.000000 0.710126 0.000000 0.704074 0.750389 0.750389 0.750389
1386.742920 0.000000 2200.085693 0.000000 0.759818 0.000000 -0.650135 0.858522 0.858522 0.858522
1346.445068 0.000000 2198.769531 0.000000 0.203681 0.000000 -0.979037 0.908013 0.908013 0.908013
1372.012817 0.000000 2219.469971 0.000000 0.266794 0.000000 0.963753 0.703359 0.703359 0.703359
1291.225464 0.000000 2240.239990 0.000000 0.355383 0.000000 0.934721 0.687137 0.687137 0.687137
1280.216309 0.000000 2242.746338 0.000000 0.128270 0.000000 0.991739 0.706676 0.706676 0.706676
1301.418213 0.000000 2239.807129 0.000000 0.696692 0.000000 -0.717370 0.846018 0.846018 0.846018
1286.632202 0.000000 2244.140625 0.000000 0.225503 0.000000 -0.974242 0.841854 0.841854 0.841854
1296.436646 0.000000 2243.207764 0.000000 0.224884 0.000000 0.974386 0.760542 0.760542 0.760542
1297.373535 0.000000 2239.458984 0.000000 0.926974 0.000000 -0.375126 0.831795 0.831795 0.831795
1294.251221 0.000000 2241.021240 0.000000 0.807507 0.000000 -0.589859 0.840069 0.840069 0.840069
1289.505615 0.000000 2243.433594 0.000000 0.018091 0.000000 0.999836 0.700454 0.700454 0.700454
1044.841064 0.000000 2362.483887 0.000000 0.998722 0.000000 0.050550 0.798636 0.798636 0.798636
1046.848511 0.000000 2334.869385 0.000000 0.428414 0.000000 0.903582 0.787158 0.787158 0.787158
1040.315918 0.000000 2348.795654 0.000000 0.139405 0.000000 -0.990235 0.836867 0.836867 0.836867
1024.247559 0.000000 2306.730713 0.000000 0.108427 0.000000 -0.994104 0.810513 0.810513 0.810513
1050.844604 0.000000 2345.242920 0.000000 0.213856 0.000000 0.976865 0.791068 0.791068 0.791068
1047.545898 0.000000 2353.853027 0.000000 0.978889 0.000000 0.204395 0.790626 0.790626 0.790626
1037.302612 0.000000 2359.885498 0.000000 0.434629 0.000000 -0.900609 0.816123 0.816123 0.816123
1043.500244 0.000000 2341.656738 0.000000 0.858050 0.000000 -0.513566 0.822298 0.822298 0.822298
1041.956299 0.000000 2355.881592 0.000000 0.591737 0.000000 -0.806131 0.835392 0.835392 0.835392
1040.247681 0.000000 2365.578857 0.000000 0.464308 0.000000 0.885674 0.755021 0.755021 0.755021
1049.579468 0.000000 2359.229248 0.000000 0.870646 0.000000 -0.491910 0.828041 0.828041 0.828041
1045.939819 0.000000 2348.060303 0.000000 0.355323 0.000000 -0.934744 0.853541 0.853541 0.853541
1049.282104 0.000000 2340.168213 0.000000 0.079627 0.000000 -0.996825 0.867006 0.867006 0.867006
1050.128174 0.000000 2349.822998 0.000000 0.999959 0.000000 0.009062 0.799739 0.799739 0.799739
1043.648682 0.000000 2351.775391 0.000000 0.029487 0.000000 0.999565 0.746437 0.746437 0.746437
1049.071045 0.000000 2363.522217 0.000000 0.867645 0.000000 0.497185 0.776928 0.776928 0.776928
1028.043823 0.000000 2304.691162 0.000000 0.906424 0.000000 -0.422369 0.819596 0.819596 0.819596
1045.645630 0.000000 2357.783691 0.000000 0.563208 0.000000 0.826316 0.769116 0.769116 0.769116
1046.884033 0.000000 2343.976807 0.000000 0.068468 0.000000 -0.997653 0.867509 0.867509 0.867509
1041.251587 0.000000 2360.753662 0.000000 0.262762 0.000000 -0.964861 0.865677 0.865677 0.865677
1035.256592 0.000000 2368.208740 0.000000 0.667435 0.000000 0.744668 0.794967 0.794967 0.794967
1045.449463 0.000000 2367.775879 0.000000 0.103777 0.000000 -0.994601 0.877342 0.877342 0.877342
1043.513794 0.000000 2376.445557 0.000000 0.976693 0.000000 0.214642 0.793519 0.793519 0.793519
1040.467773 0.000000 2371.176514 0.000000 0.590726 0.000000 -0.806872 0.829814 0.829814 0.829814
1041.404785 0.000000 2367.427734 0.000000 0.746447 0.000000 -0.665445 0.822685 0.822685 0.822685
1039.916992 0.000000 2374.977783 0.000000 0.395092 0.000000 0.918642 0.762318 0.762318 0.762318
1038.282471 0.000000 2368.989990 0.000000 0.779752 0.000000 0.626088 0.769598 0.769598 0.769598
1776.067261 0.000000 2645.302734 0.000000 0.900361 0.000000 -0.435144 0.807553 0.807553 0.807553
1764.993896 0.000000 2669.277100 0.000000 0.321401 0.000000 -0.946943 0.835766 0.835766 0.835766
1779.485962 0.000000 2660.193848 0.000000 0.968561 0.000000 0.248775 0.794426 0.794426 0.794426
1768.110718 0.000000 2685.300049 0.000000 0.664718 0.000000 0.747094 0.764614 0.764614 0.764614
1765.137085 0.000000 2656.489746 0.000000 0.868848 0.000000 0.495078 0.794414 0.794414 0.794414
1787.058594 0.000000 2649.952393 0.000000 0.792725 0.000000 0.609579 0.784289 0.784289 0.784289
1788.246704 0.000000 2667.168945 0.000000 0.548261 0.000000 -0.836307 0.808902 0.808902 0.808902
1773.926880 0.000000 2653.645752 0.000000 0.592868 0.000000 -0.805300 0.828047 0.828047 0.828047
1767.716919 0.000000 2648.943115 0.000000 0.507703 0.000000 0.861532 0.784447 0.784447 0.784447
1783.160889 0.000000 2643.885742 0.000000 0.837028 0.000000 -0.547160 0.806938 0.806938 0.806938
1767.636353 0.000000 2662.798584 0.000000 0.923671 0.000000 -0.383186 0.811781 0.811781 0.811781
1781.308594 0.000000 2653.582275 0.000000 0.036892 0.000000 -0.999319 0.834005 0.834005 0.834005
1773.004883 0.000000 2659.749023 0.000000 0.806529 0.000000 0.591195 0.788251 0.788251 0.788251
1789.218872 0.000000 2644.183105 0.000000 0.241788 0.000000 0.970329 0.760257 0.760257 0.760257
1784.483154 0.000000 2662.955566 0.000000 0.387255 0.000000 0.921973 0.777507 0.777507 0.777507
1770.397827 0.000000 2671.194092 0.000000 0.577557 0.000000 0.816350 0.762232 0.762232 0.762232
1780.240723 0.000000 2648.461914 0.000000 0.115069 0.000000 0.993357 0.756396 0.756396 0.756396
1786.092651 0.000000 2655.348389 0.000000 0.385028 0.000000 0.922905 0.759851 0.759851 0.759851
1768.947876 0.000000 2653.514160 0.000000 0.932113 0.000000 0.362169 0.789342 0.789342 0.789342
1779.659790 0.000000 2665.065918 0.000000 0.554030 0.000000 0.832497 0.772890 0.772890 0.772890
1754.042236 0.000000 2669.744873 0.000000 0.907689 0.000000 -0.419644 0.818942 0.818942 0.818942
1773.209961 0.000000 2649.229492 0.000000 0.608803 0.000000 -0.793322 0.824156 0.824156 0.824156
1777.690430 0.000000 2656.045410 0.000000 0.994398 0.000000 0.105697 0.794924 0.794924 0.794924
1769.148193 0.000000 2666.883057 0.000000 0.055999 0.000000 -0.998431 0.849011 0.849011 0.849011
1758.515503 0.000000 2667.553467 0.000000 0.359189 0.000000 0.933265 0.740154 0.740154 0.740154
1756.457520 0.000000 2675.769043 0.000000 0.633536 0.000000 -0.773713 0.823853 0.823853 0.823853
1789.804810 0.000000 2653.260742 0.000000 0.358617 0.000000 0.933485 0.754551 0.754551 0.754551
1769.203003 0.000000 2657.792480 0.000000 0.974593 0.000000 -0.223984 0.806768 0.806768 0.806768
1775.963135 0.000000 2662.808105 0.000000 0.860557 0.000000 -0.509354 0.820174 0.820174 0.820174
1777.217896 0.000000 2667.864990 0.000000 0.521619 0.000000 -0.853179 0.840417 0.840417 0.840417
1770.774292 0.000000 2695.290283 0.000000 0.391390 0.000000 -0.920225 0.810503 0.810503 0.810503
1780.673340 0.000000 2694.646973 0.000000 0.828973 0.000000 -0.559289 0.818848 0.818848 0.818848
1769.223999 0.000000 2689.415039 0.000000 0.925994 0.000000 -0.377538 0.814150 0.814150 0.814150
1773.312744 0.000000 2692.269775 0.000000 0.096894 0.000000 -0.995295 0.856514 0.856514 0.856514
1896.095093 0.000000 2621.315674 0.000000 0.819301 0.000000 0.573364 0.794512 0.794512 0.794512
1879.444336 0.000000 2609.790527 0.000000 0.635056 0.000000 -0.772466 0.811107 0.811107 0.811107
1886.472290 0.000000 2608.042236 0.000000 0.512660 0.000000 0.858592 0.763499 0.763499 0.763499
1890.024414 0.000000 2620.528076 0.000000 0.771909 0.000000 -0.635733 0.814035 0.814035 0.814035
1893.757446 0.000000 2616.799805 0.000000 0.522171 0.000000 0.852841 0.760220 0.760220 0.760220
1890.206787 0.000000 2611.369873 0.000000 0.727475 0.000000 0.686135 0.771910 0.771910 0.771910
1882.026611 0.000000 2605.760498 0.000000 0.054164 0.000000 0.998532 0.762743 0.762743 0.762743
1875.547119 0.000000 2607.712891 0.000000 0.397784 0.000000 0.917479 0.763109 0.763109 0.763109
1867.831909 0.000000 2605.029053 0.000000 0.750523 0.000000 0.660844 0.774479 0.774479 0.774479
1884.441895 0.000000 2611.784668 0.000000 0.514694 0.000000 0.857374 0.760497 0.760497 0.760497
1793.757202 0.000000 2666.370850 0.000000 0.801718 0.000000 -0.597702 0.806525 0.806525 0.806525
1808.847778 0.000000 2640.776855 0.000000 0.473669 0.000000 0.880703 0.778698 0.778698 0.778698
1799.948242 0.000000 2652.683838 0.000000 0.435549 0.000000 -0.900165 0.847652 0.847652 0.847652
1808.222168 0.000000 2668.717529 0.000000 0.199205 0.000000 -0.979958 0.855008 0.855008 0.855008
1834.766479 0.000000 2631.305908 0.000000 0.610418 0.000000 0.792080 0.783019 0.783019 0.783019
1842.143188 0.000000 2683.751953 0.000000 0.417851 0.000000 0.908515 0.788391 0.788391 0.788391
1792.011841 0.000000 2648.238037 0.000000 0.586156 0.000000 -0.810198 0.814148 0.814148 0.814148
1816.796631 0.000000 2645.691650 0.000000 0.781373 0.000000 0.624065 0.782637 0.782637 0.782637
1811.420166 0.000000 2632.383057 0.000000 0.821994 0.000000 0.569497 0.788020 0.788020 0.788020
1807.987183 0.000000 2649.947021 0.000000 0.853479 0.000000 -0.521128 0.818722 0.818722 0.818722
1800.582764 0.000000 2643.687500 0.000000 0.566526 0.000000 -0.824044 0.829015 0.829015 0.829015
1811.406616 0.000000 2661.578613 0.000000 0.200185 0.000000 -0.979758 0.818049 0.818049 0.818049
1820.285522 0.000000 2686.332764 0.000000 0.288326 0.000000 0.957532 0.783915 0.783915 0.783915
1851.445679 0.000000 2629.736816 0.000000 0.308767 0.000000 0.951138 0.777407 0.777407 0.777407
1844.665527 0.000000 2630.662598 0.000000 0.528846 0.000000 0.848718 0.770850 0.770850 0.770850
1807.364502 0.000000 2656.308350 0.000000 0.612334 0.000000 -0.790600 0.824584 0.824584 0.824584
1800.038208 0.000000 2666.851807 0.000000 0.934586 0.000000 0.355737 0.790412 0.790412 0.790412
1814.508911 0.000000 2637.679199 0.000000 0.437744 0.000000 0.899100 0.753121 0.753121 0.753121
1803.639160 0.000000 2638.788086 0.000000 0.023970 0.000000 -0.999713 0.837073 0.837073 0.837073
1829.208374 0.000000 2629.103516 0.000000 0.343331 0.000000 -0.939215 0.860689 0.860689 0.860689
1847.435547 0.000000 2681.109863 0.000000 0.019462 0.000000 -0.999811 0.827885 0.827885 0.827885
1797.359009 0.000000 2687.297119 0.000000 0.935778 0.000000 -0.352591 0.812522 0.812522 0.812522
1797.142334 0.000000 2647.685791 0.000000 0.790902 0.000000 0.611943 0.785007 0.785007 0.785007
1802.953003 0.000000 2648.430420 0.000000 0.953164 0.000000 0.302454 0.792452 0.792452 0.792452
1794.543823 0.000000 2652.901611 0.000000 0.245607 0.000000 -0.969369 0.845965 0.845965 0.845965
1811.657104 0.000000 2644.838135 0.000000 0.652263 0.000000 -0.757993 0.822679 0.822679 0.822679
1855.140137 0.000000 2679.429199 0.000000 0.317121 0.000000 0.948385 0.767843 0.767843 0.767843
1839.634399 0.000000 2632.233643 0.000000 0.696389 0.000000 0.717664 0.785132 0.785132 0.785132
1805.379395 0.000000 2644.142822 0.000000 0.705172 0.000000 -0.709036 0.816528 0.816528 0.816528
1807.149902 0.000000 2664.019287 0.000000 0.997606 0.000000 0.069157 0.796558 0.796558 0.796558
1824.476440 0.000000 2629.404541 0.000000 0.988634 0.000000 0.150345 0.795660 0.795660 0.795660
1816.070557 0.000000 2633.282959 0.000000 0.365817 0.000000 0.930687 0.754843 0.754843 0.754843
1832.016113 0.000000 2635.394287 0.000000 0.169105 0.000000 0.985598 0.753835 0.753835 0.753835
1804.387329 0.000000 2652.993164 0.000000 0.914437 0.000000 0.404729 0.783273 0.783273 0.783273
1822.858521 0.000000 2634.771729 0.000000 0.937922 0.000000 -0.346846 0.814219 0.814219 0.814219
1821.407104 0.000000 2642.773438 0.000000 0.653120 0.000000 -0.757254 0.836547 0.836547 0.836547
1850.965576 0.000000 2678.920654 0.000000 0.970247 0.000000 -0.242118 0.808499 0.808499 0.808499
1845.770386 0.000000 2685.425537 0.000000 0.810550 0.000000 -0.585670 0.824744 0.824744 0.824744
1847.686279 0.000000 2627.913574 0.000000 0.069545 0.000000 0.997579 0.709153 0.709153 0.709153
1824.443726 0.000000 2638.762939 0.000000 0.530895 0.000000 -0.847438 0.838168 0.838168 0.838168
1796.197998 0.000000 2656.376465 0.000000 0.999553 0.000000 0.029908 0.798423 0.798423 0.798423
1803.381714 0.000000 2664.940186 0.000000 0.077281 0.000000 -0.997009 0.873376 0.873376 0.873376
1803.564697 0.000000 2656.526855 0.000000 0.244187 0.000000 0.969728 0.749224 0.749224 0.749224
1800.218872 0.000000 2663.284912 0.000000 0.537258 0.000000 0.843418 0.760913 0.760913 0.760913
1826.979492 0.000000 2631.245605 0.000000 0.447791 0.000000 0.894138 0.721105 0.721105 0.721105
1853.660400 0.000000 2627.516357 0.000000 0.940137 0.000000 0.340796 0.774787 0.774787 0.774787
1805.809082 0.000000 2666.740723 0.000000 0.348005 0.000000 -0.937493 0.864082 0.864082 0.864082
1904.051636 0.000000 2645.302734 0.000000 0.444610 0.000000 0.895724 0.781377 0.781377 0.781377
1912.413696 0.000000 2675.713623 0.000000 0.828319 0.000000 0.560256 0.797506 0.797506 0.797506
1892.978271 0.000000 2669.277100 0.000000 0.327908 0.000000 0.944710 0.780734 0.780734 0.780734
1907.470337 0.000000 2660.193848 0.000000 0.991891 0.000000 -0.127089 0.802520 0.802520 0.802520
1861.335083 0.000000 2681.915283 0.000000 0.995698 0.000000 -0.092658 0.801835 0.801835 0.801835
1872.839966 0.000000 2640.776855 0.000000 0.330344 0.000000 0.943861 0.781514 0.781514 0.781514
1889.562744 0.000000 2644.271240 0.000000 0.506617 0.000000 0.862171 0.779446 0.779446 0.779446
1865.448730 0.000000 2633.604736 0.000000 0.633299 0.000000 -0.773907 0.814847 0.814847 0.814847
1906.135376 0.000000 2683.751953 0.000000 0.978924 0.000000 -0.204223 0.801232 0.801232 0.801232
1864.334717 0.000000 2673.227539 0.000000 0.012654 0.000000 0.999920 0.790664 0.790664 0.790664
1880.788818 0.000000 2645.691650 0.000000 0.542705 0.000000 -0.839923 0.828081 0.828081 0.828081
1901.662720 0.000000 2666.659912 0.000000 0.989340 0.000000 0.145626 0.797373 0.797373 0.797373
1875.412354 0.000000 2632.383057 0.000000 0.531581 0.000000 0.847008 0.789104 0.789104 0.789104
1905.532227 0.000000 2636.841064 0.000000 0.621539 0.000000 0.783383 0.783281 0.783281 0.783281
1897.315063 0.000000 2639.771484 0.000000 0.145007 0.000000 0.989431 0.744491 0.744491 0.744491
1901.911255 0.000000 2653.645752 0.000000 0.993294 0.000000 0.115614 0.798264 0.798264 0.798264
1856.274414 0.000000 2674.476074 0.000000 0.154115 0.000000 -0.988053 0.840726 0.840726 0.840726
1869.201172 0.000000 2679.807373 0.000000 0.576649 0.000000 0.816992 0.785677 0.785677 0.785677
1886.707275 0.000000 2651.618652 0.000000 0.224239 0.000000 0.974534 0.772607 0.772607 0.772607
1891.296143 0.000000 2634.504150 0.000000 0.746301 0.000000 0.665608 0.786036 0.786036 0.786036
1884.546021 0.000000 2638.670166 0.000000 0.984264 0.000000 0.176704 0.796913 0.796913 0.796913
1886.489258 0.000000 2659.168213 0.000000 0.223340 0.000000 0.974741 0.770976 0.770976 0.770976
1895.620728 0.000000 2662.798584 0.000000 0.904898 0.000000 0.425628 0.793414 0.793414 0.793414
1909.292969 0.000000 2653.582275 0.000000 0.776425 0.000000 0.630210 0.785701 0.785701 0.785701
1900.989258 0.000000 2659.749023 0.000000 0.341280 0.000000 0.939962 0.781688 0.781688 0.781688
1862.561890 0.000000 2628.046875 0.000000 0.839354 0.000000 -0.543585 0.822727 0.822727 0.822727
1897.208374 0.000000 2625.430664 0.000000 0.277526 0.000000 0.960718 0.769866 0.769866 0.769866
1866.135254 0.000000 2685.057373 0.000000 0.763300 0.000000 0.646044 0.789479 0.789479 0.789479
1900.720215 0.000000 2681.581055 0.000000 0.997366 0.000000 -0.072529 0.801392 0.801392 0.801392
1898.382202 0.000000 2671.194092 0.000000 0.860898 0.000000 -0.508778 0.811513 0.811513 0.811513
1908.225098 0.000000 2648.461914 0.000000 0.998730 0.000000 0.050382 0.798701 0.798701 0.798701
1877.276001 0.000000 2649.623535 0.000000 0.439603 0.000000 0.898192 0.775935 0.775935 0.775935
1870.512939 0.000000 2634.524414 0.000000 0.506938 0.000000 0.861983 0.766377 0.766377 0.766377
1898.980835 0.000000 2645.139160 0.000000 0.093673 0.000000 0.995603 0.750442 0.750442 0.750442
1914.077026 0.000000 2655.348389 0.000000 0.985171 0.000000 -0.171576 0.803306 0.803306 0.803306
1875.649292 0.000000 2644.838135 0.000000 0.860953 0.000000 -0.508685 0.815988 0.815988 0.815988
1860.684937 0.000000 2676.780273 0.000000 0.394777 0.000000 0.918777 0.759515 0.759515 0.759515
1892.062500 0.000000 2639.909424 0.000000 0.135606 0.000000 -0.990763 0.836106 0.836106 0.836106
1902.346436 0.000000 2640.690186 0.000000 0.342007 0.000000 -0.939698 0.853439 0.853439 0.853439
1890.868408 0.000000 2648.968506 0.000000 0.838125 0.000000 0.545478 0.782369 0.782369 0.782369
1909.886108 0.000000 2639.140381 0.000000 0.202859 0.000000 -0.979208 0.850764 0.850764 0.850764
1881.962891 0.000000 2651.198730 0.000000 0.718162 0.000000 -0.695875 0.823057 0.823057 0.823057
1885.343506 0.000000 2646.992676 0.000000 0.691063 0.000000 -0.722795 0.820813 0.820813 0.820813
1857.073486 0.000000 2679.905273 0.000000 0.406005 0.000000 0.913871 0.750962 0.750962 0.750962
1896.008301 0.000000 2635.394287 0.000000 0.525180 0.000000 0.850991 0.763407 0.763407 0.763407
1865.034424 0.000000 2678.186035 0.000000 0.426021 0.000000 -0.904714 0.830487 0.830487 0.830487
1880.969604 0.000000 2683.444092 0.000000 0.400325 0.000000 0.916373 0.752781 0.752781 0.752781
1917.789185 0.000000 2653.260742 0.000000 0.999488 0.000000 -0.032010 0.800902 0.800902 0.800902
1888.859863 0.000000 2655.618652 0.000000 0.246855 0.000000 0.969052 0.740621 0.740621 0.740621
1885.399292 0.000000 2642.773438 0.000000 0.841579 0.000000 0.540134 0.772649 0.772649 0.772649
1891.787231 0.000000 2660.500000 0.000000 0.516809 0.000000 -0.856101 0.835098 0.835098 0.835098
1859.942383 0.000000 2624.613037 0.000000 0.990825 0.000000 0.135153 0.795208 0.795208 0.795208
1911.551025 0.000000 2658.650635 0.000000 0.167664 0.000000 -0.985844 0.852095 0.852095 0.852095
1908.282471 0.000000 2673.905029 0.000000 0.552438 0.000000 0.833554 0.755123 0.755123 0.755123
1877.544189 0.000000 2677.705566 0.000000 0.948175 0.000000 -0.317748 0.812400 0.812400 0.812400
1897.466675 0.000000 2678.919434 0.000000 0.958987 0.000000 -0.283450 0.812398 0.812398 0.812398
1912.061646 0.000000 2667.117432 0.000000 0.059852 0.000000 0.998207 0.730292 0.730292 0.730292
1878.256836 0.000000 2686.066895 0.000000 0.999560 0.000000 -0.029678 0.801067 0.801067 0.801067
1914.131104 0.000000 2646.300049 0.000000 0.591242 0.000000 -0.806494 0.838226 0.838226 0.838226
1876.553711 0.000000 2641.202881 0.000000 0.772547 0.000000 0.634958 0.775268 0.775268 0.775268
1890.754028 0.000000 2627.065186 0.000000 0.161723 0.000000 0.986836 0.740931 0.740931 0.740931
1864.994263 0.000000 2630.259277 0.000000 0.912726 0.000000 -0.408573 0.818914 0.818914 0.818914
1960.087280 0.000000 2621.315674 0.000000 0.113061 0.000000 0.993588 0.770308 0.770308 0.770308
1951.080322 0.000000 2615.308838 0.000000 0.694371 0.000000 -0.719617 0.812032 0.812032 0.812032
1980.223267 0.000000 2603.184570 0.000000 0.869295 0.000000 0.494294 0.796902 0.796902 0.796902
1948.269897 0.000000 2622.348389 0.000000 0.857522 0.000000 -0.514448 0.809389 0.809389 0.809389
1970.941406 0.000000 2613.940430 0.000000 0.342592 0.000000 0.939484 0.781708 0.781708 0.781708
1964.712402 0.000000 2617.596680 0.000000 0.997267 0.000000 0.073887 0.798892 0.798892 0.798892
1954.016602 0.000000 2620.528076 0.000000 0.728016 0.000000 -0.685560 0.812673 0.812673 0.812673
1945.470215 0.000000 2615.166748 0.000000 0.920517 0.000000 -0.390702 0.806013 0.806013 0.806013
1971.636353 0.000000 2601.081543 0.000000 0.590521 0.000000 -0.807022 0.828697 0.828697 0.828697
1954.198975 0.000000 2611.369873 0.000000 0.993821 0.000000 0.110999 0.796001 0.796001 0.796001
1948.434082 0.000000 2611.784668 0.000000 0.171705 0.000000 -0.985148 0.846078 0.846078 0.846078
1978.949951 0.000000 2614.936279 0.000000 0.071383 0.000000 0.997449 0.744301 0.744301 0.744301
1941.536377 0.000000 2613.721191 0.000000 0.965160 0.000000 -0.261659 0.811104 0.811104 0.811104
1976.053833 0.000000 2603.133057 0.000000 0.289521 0.000000 0.957172 0.757150 0.757150 0.757150
1964.306641 0.000000 2622.140381 0.000000 0.121795 0.000000 -0.992555 0.851213 0.851213 0.851213
1942.249023 0.000000 2622.082520 0.000000 0.940751 0.000000 0.339099 0.785283 0.785283 0.785283
1970.618774 0.000000 2623.350098 0.000000 0.727138 0.000000 0.686492 0.772345 0.772345 0.772345
1974.818848 0.000000 2624.111572 0.000000 0.317381 0.000000 0.948298 0.779813 0.779813 0.779813
1955.261475 0.000000 2623.921875 0.000000 0.862968 0.000000 0.505259 0.789209 0.789209 0.789209
1919.996216 0.000000 2648.238037 0.000000 0.969628 0.000000 0.244584 0.798520 0.798520 0.798520
1920.479614 0.000000 2657.525146 0.000000 0.927203 0.000000 -0.374559 0.812192 0.812192 0.812192
1967.315674 0.000000 2624.787598 0.000000 0.999238 0.000000 0.039034 0.799275 0.799275 0.799275
1961.200562 0.000000 2625.430664 0.000000 0.761923 0.000000 0.647668 0.786070 0.786070 0.786070
1957.192749 0.000000 2629.103516 0.000000 0.855725 0.000000 -0.517431 0.814012 0.814012 0.814012
1945.223877 0.000000 2625.021973 0.000000 0.998980 0.000000 -0.045146 0.801651 0.801651 0.801651
1989.319458 0.000000 2681.915283 0.000000 0.976475 0.000000 0.215629 0.798828 0.798828 0.798828
2000.824341 0.000000 2640.776855 0.000000 0.930203 0.000000 0.367046 0.785363 0.785363 0.785363
1991.924805 0.000000 2652.683838 0.000000 0.988029 0.000000 0.154268 0.796752 0.796752 0.796752
2017.547119 0.000000 2644.271240 0.000000 0.878549 0.000000 -0.477651 0.804774 0.804774 0.804774
1984.130371 0.000000 2626.652588 0.000000 0.297451 0.000000 -0.954737 0.818245 0.818245 0.818245
2015.072510 0.000000 2679.293213 0.000000 0.986992 0.000000 0.160771 0.798936 0.798936 0.798936
1993.433105 0.000000 2633.604736 0.000000 0.861121 0.000000 -0.508401 0.805113 0.805113 0.805113
1995.130371 0.000000 2661.167480 0.000000 0.083071 0.000000 0.996544 0.777716 0.777716 0.777716
1984.471802 0.000000 2657.525146 0.000000 0.625095 0.000000 -0.780549 0.811268 0.811268 0.811268
2008.773193 0.000000 2645.691650 0.000000 0.621764 0.000000 -0.783205 0.822105 0.822105 0.822105
2007.428711 0.000000 2673.774902 0.000000 0.302486 0.000000 0.953154 0.754577 0.754577 0.754577
2003.396729 0.000000 2632.383057 0.000000 0.222392 0.000000 0.974957 0.768535 0.768535 0.768535
2003.383179 0.000000 2661.578613 0.000000 0.434489 0.000000 -0.900677 0.810750 0.810750 0.810750
2014.456665 0.000000 2672.026611 0.000000 0.510322 0.000000 -0.859984 0.834116 0.834116 0.834116
1999.341064 0.000000 2656.308350 0.000000 0.748678 0.000000 -0.662933 0.810856 0.810856 0.810856
1992.014771 0.000000 2666.851807 0.000000 0.827598 0.000000 0.561322 0.793215 0.793215 0.793215
2017.425293 0.000000 2664.228027 0.000000 0.925875 0.000000 0.377830 0.793732 0.793732 0.793732
1988.669312 0.000000 2676.780273 0.000000 0.942863 0.000000 0.333180 0.793691 0.793691 0.793691
1997.355957 0.000000 2644.142822 0.000000 0.748330 0.000000 0.663327 0.781314 0.781314 0.781314
2009.947266 0.000000 2651.198730 0.000000 0.389994 0.000000 -0.920817 0.825942 0.825942 0.825942
2013.327881 0.000000 2646.992676 0.000000 0.048008 0.000000 -0.998847 0.853832 0.853832 0.853832
2011.326538 0.000000 2655.609619 0.000000 0.654994 0.000000 -0.755634 0.822584 0.822584 0.822584
2010.010986 0.000000 2669.744873 0.000000 1.000000 0.000000 -0.000053 0.800002 0.800002 0.800002
1993.018799 0.000000 2678.186035 0.000000 0.998679 0.000000 0.051386 0.798337 0.798337 0.798337
2014.484253 0.000000 2667.553467 0.000000 0.503535 0.000000 0.863975 0.762500 0.762500 0.762500
1995.816284 0.000000 2669.013428 0.000000 0.997726 0.000000 0.067401 0.798100 0.798100 0.798100
2012.426270 0.000000 2675.769043 0.000000 0.629890 0.000000 0.776684 0.768026 0.768026 0.768026
2002.132568 0.000000 2636.667480 0.000000 0.852087 0.000000 -0.523400 0.823103 0.823103 0.823103
1987.926758 0.000000 2624.613037 0.000000 0.886718 0.000000 0.462311 0.784738 0.784738 0.784738
2002.707031 0.000000 2653.202148 0.000000 0.359810 0.000000 0.933025 0.748114 0.748114 0.748114
2006.766846 0.000000 2663.898682 0.000000 0.442948 0.000000 0.896548 0.751365 0.751365 0.751365
1999.799805 0.000000 2630.915283 0.000000 0.846041 0.000000 0.533119 0.781133 0.781133 0.781133
2004.538086 0.000000 2641.202881 0.000000 0.990293 0.000000 -0.138994 0.804679 0.804679 0.804679
1999.216675 0.000000 2677.478027 0.000000 0.273926 0.000000 0.961751 0.741881 0.741881 0.741881
1850.192017 0.000000 2700.869141 0.000000 0.612638 0.000000 -0.790364 0.838772 0.838772 0.838772
1827.277100 0.000000 2687.906250 0.000000 0.998701 0.000000 -0.050961 0.800580 0.800580 0.800580
1839.331299 0.000000 2688.771973 0.000000 0.973919 0.000000 0.226897 0.795063 0.795063 0.795063
1851.445679 0.000000 2693.721191 0.000000 0.231068 0.000000 -0.972938 0.820037 0.820037 0.820037
1853.211060 0.000000 2708.167480 0.000000 0.544826 0.000000 -0.838549 0.815495 0.815495 0.815495
1833.216187 0.000000 2689.415039 0.000000 0.534720 0.000000 0.845030 0.778890 0.778890 0.778890
1845.893921 0.000000 2703.124756 0.000000 0.840682 0.000000 -0.541529 0.816115 0.816115 0.816115
1824.476440 0.000000 2693.388916 0.000000 0.351826 0.000000 0.936065 0.752100 0.752100 0.752100
1853.795654 0.000000 2697.611572 0.000000 0.998470 0.000000 -0.055293 0.802254 0.802254 0.802254
1846.477295 0.000000 2698.607666 0.000000 0.965328 0.000000 0.261042 0.790664 0.790664 0.790664
1795.950195 0.000000 2688.597412 0.000000 0.459097 0.000000 -0.888386 0.841945 0.841945 0.841945
1843.000732 0.000000 2690.792969 0.000000 0.321982 0.000000 -0.946746 0.850643 0.850643 0.850643
1837.304932 0.000000 2692.269775 0.000000 0.139394 0.000000 0.990237 0.741698 0.741698 0.741698
1817.239502 0.000000 2689.006348 0.000000 0.177745 0.000000 0.984077 0.749119 0.749119 0.749119
1807.823242 0.000000 2694.899658 0.000000 0.651605 0.000000 0.758558 0.769559 0.769559 0.769559
1812.145020 0.000000 2690.974365 0.000000 0.943762 0.000000 -0.330626 0.813325 0.813325 0.813325
1799.865234 0.000000 2688.681641 0.000000 0.179513 0.000000 -0.983756 0.854980 0.854980 0.854980
1832.449951 0.000000 2692.633057 0.000000 0.802421 0.000000 -0.596759 0.826820 0.826820 0.826820
1912.413696 0.000000 2739.697998 0.000000 0.999984 0.000000 -0.005614 0.800239 0.800239 0.800239
1867.155151 0.000000 2688.130615 0.000000 0.314620 0.000000 0.949218 0.781265 0.781265 0.781265
1907.470337 0.000000 2724.178223 0.000000 0.928886 0.000000 0.370365 0.785451 0.785451 0.785451
1872.839966 0.000000 2704.761230 0.000000 0.493272 0.000000 -0.869875 0.831605 0.831605 0.831605
1889.562744 0.000000 2708.255615 0.000000 0.242537 0.000000 -0.970142 0.804766 0.804766 0.804766
1893.121460 0.000000 2720.474121 0.000000 0.809551 0.000000 -0.587050 0.802256 0.802256 0.802256
1915.042969 0.000000 2713.936768 0.000000 0.454837 0.000000 0.890574 0.785518 0.785518 0.785518
1865.448730 0.000000 2697.589111 0.000000 0.986919 0.000000 0.161218 0.793694 0.793694 0.793694
1877.347900 0.000000 2687.697754 0.000000 0.697548 0.000000 -0.716538 0.808615 0.808615 0.808615
1916.231079 0.000000 2731.153320 0.000000 0.008840 0.000000 -0.999961 0.823397 0.823397 0.823397
1901.662720 0.000000 2730.644287 0.000000 0.999393 0.000000 -0.034849 0.800251 0.800251 0.800251
1875.412354 0.000000 2696.367432 0.000000 0.694776 0.000000 -0.719226 0.817795 0.817795 0.817795
1864.574951 0.000000 2707.671875 0.000000 0.163501 0.000000 0.986543 0.756176 0.756176 0.756176
1886.707275 0.000000 2715.603027 0.000000 0.679244 0.000000 -0.733912 0.809875 0.809875 0.809875
1917.043457 0.000000 2723.495605 0.000000 0.719637 0.000000 0.694351 0.788503 0.788503 0.788503
1908.447021 0.000000 2733.663086 0.000000 0.007550 0.000000 0.999972 0.740991 0.740991 0.740991
1886.472290 0.000000 2736.010986 0.000000 0.636287 0.000000 0.771452 0.791025 0.791025 0.791025
1858.091064 0.000000 2696.805664 0.000000 0.607055 0.000000 -0.794659 0.840723 0.840723 0.840723
1862.561890 0.000000 2692.031250 0.000000 0.735756 0.000000 0.677247 0.788409 0.788409 0.788409
1872.366333 0.000000 2691.098389 0.000000 0.483900 0.000000 -0.875123 0.823626 0.823626 0.823626
1917.940674 0.000000 2738.429932 0.000000 0.973119 0.000000 0.230302 0.791646 0.791646 0.791646
1912.467529 0.000000 2726.939941 0.000000 0.167779 0.000000 -0.985825 0.821004 0.821004 0.821004
1861.134521 0.000000 2711.670166 0.000000 0.648837 0.000000 0.760928 0.776684 0.776684 0.776684
1866.945190 0.000000 2712.414795 0.000000 0.977245 0.000000 -0.212113 0.803842 0.803842 0.803842
1862.598022 0.000000 2702.247314 0.000000 0.176929 0.000000 -0.984224 0.830046 0.830046 0.830046
1875.649292 0.000000 2708.822510 0.000000 0.975756 0.000000 -0.218861 0.809254 0.809254 0.809254
1869.371582 0.000000 2708.127197 0.000000 0.999445 0.000000 0.033315 0.799002 0.799002 0.799002
1858.118408 0.000000 2707.922119 0.000000 0.405732 0.000000 -0.913992 0.823489 0.823489 0.823489
1885.343506 0.000000 2710.977051 0.000000 0.203324 0.000000 0.979111 0.750072 0.750072 0.750072
1907.644165 0.000000 2729.050293 0.000000 0.304879 0.000000 -0.952391 0.846844 0.846844 0.846844
1905.674805 0.000000 2720.029785 0.000000 0.960783 0.000000 0.277302 0.793266 0.793266 0.793266
1897.132568 0.000000 2730.867432 0.000000 0.110590 0.000000 -0.993866 0.852487 0.852487 0.852487
1874.148193 0.000000 2700.651855 0.000000 0.760102 0.000000 -0.649803 0.824157 0.824157 0.824157
1908.282471 0.000000 2737.889404 0.000000 0.999310 0.000000 0.037143 0.798909 0.798909 0.798909
1893.060303 0.000000 2716.383545 0.000000 0.089448 0.000000 0.995992 0.735212 0.735212 0.735212
1881.231689 0.000000 2689.006348 0.000000 0.281240 0.000000 -0.959637 0.851614 0.851614 0.851614
1861.761475 0.000000 2698.515869 0.000000 0.014537 0.000000 -0.999894 0.857813 0.857813 0.857813
1871.815430 0.000000 2694.899658 0.000000 0.654687 0.000000 -0.755900 0.831837 0.831837 0.831837
1876.553711 0.000000 2705.187256 0.000000 0.692676 0.000000 0.721249 0.766694 0.766694 0.766694
1893.055664 0.000000 2729.623047 0.000000 0.396790 0.000000 0.917909 0.753321 0.753321 0.753321
1876.137207 0.000000 2690.974365 0.000000 0.744991 0.000000 -0.667075 0.828441 0.828441 0.828441
1900.138184 0.000000 2720.416016 0.000000 0.718423 0.000000 0.695606 0.763126 0.763126 0.763126
1902.966675 0.000000 2720.460938 0.000000 0.562641 0.000000 0.826701 0.734107 0.734107 0.734107
1942.739136 0.000000 2718.775635 0.000000 0.992427 0.000000 0.122835 0.798082 0.798082 0.798082
1921.741577 0.000000 2730.355225 0.000000 0.021812 0.000000 0.999762 0.789791 0.789791 0.789791
1928.326904 0.000000 2737.211914 0.000000 0.528200 0.000000 0.849120 0.772044 0.772044 0.772044
1920.479614 0.000000 2721.509521 0.000000 0.719389 0.000000 -0.694607 0.804601 0.804601 0.804601
1944.781006 0.000000 2709.676025 0.000000 0.998116 0.000000 0.061355 0.799448 0.799448 0.799448
1920.266602 0.000000 2738.460449 0.000000 0.991599 0.000000 -0.129349 0.801399 0.801399 0.801399
1950.699463 0.000000 2715.603027 0.000000 0.873720 0.000000 -0.486429 0.807609 0.807609 0.807609
1950.481445 0.000000 2723.152588 0.000000 0.989780 0.000000 -0.142603 0.802658 0.802658 0.802658
1935.348877 0.000000 2720.292725 0.000000 0.980530 0.000000 0.196367 0.797039 0.797039 0.797039
1925.018433 0.000000 2725.375977 0.000000 0.857151 0.000000 -0.515065 0.808105 0.808105 0.808105
1941.268188 0.000000 2713.607910 0.000000 0.696514 0.000000 -0.717543 0.823975 0.823975 0.823975
1925.126709 0.000000 2711.670166 0.000000 0.004639 0.000000 -0.999989 0.857242 0.857242 0.857242
1930.937378 0.000000 2712.414795 0.000000 0.990070 0.000000 -0.140575 0.806169 0.806169 0.806169
1952.852051 0.000000 2719.603027 0.000000 0.509326 0.000000 -0.860574 0.828565 0.828565 0.828565
1942.774658 0.000000 2727.883057 0.000000 0.993743 0.000000 0.111688 0.796446 0.796446 0.796446
1938.518066 0.000000 2729.702393 0.000000 0.235994 0.000000 -0.971754 0.844712 0.844712 0.844712
1931.366089 0.000000 2728.924561 0.000000 0.361159 0.000000 0.932504 0.750335 0.750335 0.750335
"}
