object={
	name="tree_pine_01_b_generator_1_0"
	clamp_to_water_level=no
	render_under_water=no
	generated_content=yes
	layer="tree_high_layer"
	pdxmesh="tree_pine_01_b_mesh"
	count=109
	transform="1759.103760 0.000000 2679.293213 0.000000 0.704704 0.000000 -0.709501 0.400000 0.400000 0.400000
1751.459961 0.000000 2673.774902 0.000000 0.351834 0.000000 -0.936062 0.400000 0.400000 0.400000
1773.678345 0.000000 2666.659912 0.000000 0.817448 0.000000 -0.576003 0.400000 0.400000 0.400000
1789.059082 0.000000 2659.511230 0.000000 0.676236 0.000000 -0.736685 0.400000 0.400000 0.400000
1758.487915 0.000000 2672.026611 0.000000 0.843835 0.000000 0.536603 0.400000 0.400000 0.400000
1753.493652 0.000000 2679.151123 0.000000 0.960253 0.000000 -0.279130 0.400000 0.400000 0.400000
1765.773071 0.000000 2680.784180 0.000000 0.789474 0.000000 -0.613784 0.400000 0.400000 0.400000
1783.566650 0.000000 2658.650635 0.000000 0.998404 0.000000 -0.056482 0.400000 0.400000 0.400000
1782.842285 0.000000 2688.095947 0.000000 0.999965 0.000000 0.008415 0.400000 0.400000 0.400000
1787.453491 0.000000 2693.721191 0.000000 0.286309 0.000000 0.958137 0.400000 0.400000 0.400000
1872.214355 0.000000 2604.733154 0.000000 0.932530 0.000000 0.361092 0.400000 0.400000 0.400000
1887.088135 0.000000 2615.308838 0.000000 1.000000 0.000000 0.000303 0.400000 0.400000 0.400000
1864.030396 0.000000 2602.867432 0.000000 0.627959 0.000000 -0.778246 0.400000 0.400000 0.400000
1861.351196 0.000000 2623.312744 0.000000 0.999168 0.000000 0.040790 0.400000 0.400000 0.400000
1871.142090 0.000000 2600.034912 0.000000 0.253574 0.000000 0.967316 0.400000 0.400000 0.400000
1812.747314 0.000000 2682.405762 0.000000 0.855043 0.000000 -0.518558 0.400000 0.400000 0.400000
1820.148315 0.000000 2631.024170 0.000000 0.969798 0.000000 -0.243911 0.400000 0.400000 0.400000
1846.834473 0.000000 2624.111572 0.000000 0.980287 0.000000 0.197578 0.400000 0.400000 0.400000
1803.153809 0.000000 2661.167480 0.000000 0.852006 0.000000 0.523532 0.400000 0.400000 0.400000
1792.495239 0.000000 2657.525146 0.000000 0.804081 0.000000 -0.594520 0.400000 0.400000 0.400000
1827.303955 0.000000 2634.504150 0.000000 0.998537 0.000000 -0.054068 0.400000 0.400000 0.400000
1820.553833 0.000000 2638.670166 0.000000 0.999660 0.000000 0.026075 0.400000 0.400000 0.400000
1797.034058 0.000000 2661.391602 0.000000 0.484462 0.000000 -0.874812 0.400000 0.400000 0.400000
1853.428711 0.000000 2624.166016 0.000000 0.134623 0.000000 -0.990897 0.400000 0.400000 0.400000
1808.154053 0.000000 2685.500732 0.000000 0.192978 0.000000 -0.981203 0.400000 0.400000 0.400000
1813.283813 0.000000 2649.623535 0.000000 0.017761 0.000000 -0.999842 0.400000 0.400000 0.400000
1799.947876 0.000000 2657.542725 0.000000 0.960717 0.000000 -0.277531 0.400000 0.400000 0.400000
1791.815308 0.000000 2662.160645 0.000000 0.740572 0.000000 0.671977 0.400000 0.400000 0.400000
1876.739502 0.000000 2682.405762 0.000000 0.153578 0.000000 0.988137 0.400000 0.400000 0.400000
1898.758667 0.000000 2631.305908 0.000000 0.322767 0.000000 -0.946478 0.400000 0.400000 0.400000
1893.121460 0.000000 2656.489746 0.000000 0.094761 0.000000 -0.995500 0.400000 0.400000 0.400000
1915.042969 0.000000 2649.952393 0.000000 0.577790 0.000000 0.816185 0.400000 0.400000 0.400000
1856.145996 0.000000 2626.652588 0.000000 0.877617 0.000000 -0.479363 0.400000 0.400000 0.400000
1901.416870 0.000000 2675.814697 0.000000 0.662989 0.000000 0.748629 0.400000 0.400000 0.400000
1895.701294 0.000000 2648.943115 0.000000 0.829617 0.000000 0.558332 0.400000 0.400000 0.400000
1917.043457 0.000000 2659.511230 0.000000 0.999937 0.000000 0.011254 0.400000 0.400000 0.400000
1908.447021 0.000000 2669.678711 0.000000 0.582815 0.000000 0.812605 0.400000 0.400000 0.400000
1911.145264 0.000000 2643.885742 0.000000 0.927669 0.000000 0.373404 0.400000 0.400000 0.400000
1894.725464 0.000000 2675.747803 0.000000 0.796712 0.000000 -0.604359 0.400000 0.400000 0.400000
1878.501099 0.000000 2637.679199 0.000000 0.951057 0.000000 -0.309015 0.400000 0.400000 0.400000
1906.949219 0.000000 2677.924805 0.000000 0.903507 0.000000 0.428573 0.400000 0.400000 0.400000
1873.854858 0.000000 2675.803467 0.000000 0.351697 0.000000 0.936114 0.400000 0.400000 0.400000
1889.440918 0.000000 2664.228027 0.000000 0.449178 0.000000 0.893442 0.400000 0.400000 0.400000
1912.467529 0.000000 2662.955566 0.000000 0.810388 0.000000 0.585893 0.400000 0.400000 0.400000
1893.200562 0.000000 2629.103516 0.000000 0.325960 0.000000 0.945383 0.400000 0.400000 0.400000
1867.876831 0.000000 2628.965576 0.000000 0.792534 0.000000 0.609827 0.400000 0.400000 0.400000
1894.260010 0.000000 2644.032959 0.000000 0.892984 0.000000 -0.450089 0.400000 0.400000 0.400000
1940.731689 0.000000 2618.421387 0.000000 0.248877 0.000000 0.968535 0.400000 0.400000 0.400000
1956.970459 0.000000 2605.292725 0.000000 0.636697 0.000000 0.771114 0.400000 0.400000 0.400000
1971.462524 0.000000 2596.209473 0.000000 0.930264 0.000000 0.366891 0.400000 0.400000 0.400000
1965.409058 0.000000 2611.830322 0.000000 0.547479 0.000000 -0.836819 0.400000 0.400000 0.400000
1980.316772 0.000000 2620.095703 0.000000 0.965455 0.000000 -0.260570 0.400000 0.400000 0.400000
1943.436523 0.000000 2609.790527 0.000000 0.716135 0.000000 -0.697961 0.400000 0.400000 0.400000
1965.654907 0.000000 2602.675537 0.000000 0.059089 0.000000 -0.998253 0.400000 0.400000 0.400000
1972.439209 0.000000 2605.694336 0.000000 0.962491 0.000000 -0.271314 0.400000 0.400000 0.400000
1950.464478 0.000000 2608.042236 0.000000 0.418900 0.000000 0.908033 0.400000 0.400000 0.400000
1958.717651 0.000000 2611.763428 0.000000 0.498760 0.000000 -0.866740 0.400000 0.400000 0.400000
1968.008301 0.000000 2607.573975 0.000000 0.372694 0.000000 -0.927954 0.400000 0.400000 0.400000
1941.340088 0.000000 2623.713379 0.000000 0.871913 0.000000 -0.489661 0.400000 0.400000 0.400000
1949.270264 0.000000 2625.083008 0.000000 0.287354 0.000000 0.957824 0.400000 0.400000 0.400000
1981.413086 0.000000 2624.166016 0.000000 0.973695 0.000000 -0.227858 0.400000 0.400000 0.400000
2006.731323 0.000000 2654.791260 0.000000 0.633564 0.000000 0.773691 0.400000 0.400000 0.400000
1985.733765 0.000000 2666.370850 0.000000 0.167643 0.000000 -0.985848 0.400000 0.400000 0.400000
2000.198730 0.000000 2668.717529 0.000000 0.999682 0.000000 -0.025214 0.400000 0.400000 0.400000
2010.727539 0.000000 2665.164795 0.000000 0.993964 0.000000 0.109708 0.400000 0.400000 0.400000
1992.319092 0.000000 2673.227539 0.000000 0.106774 0.000000 -0.994283 0.400000 0.400000 0.400000
1999.963745 0.000000 2649.947021 0.000000 0.871683 0.000000 -0.490069 0.400000 0.400000 0.400000
1997.185547 0.000000 2679.807373 0.000000 0.143660 0.000000 0.989627 0.400000 0.400000 0.400000
1990.546265 0.000000 2628.046875 0.000000 0.803746 0.000000 0.594973 0.400000 0.400000 0.400000
2001.839233 0.000000 2675.803467 0.000000 0.926242 0.000000 0.376929 0.400000 0.400000 0.400000
2005.822632 0.000000 2667.982178 0.000000 0.032999 0.000000 -0.999455 0.400000 0.400000 0.400000
2009.165039 0.000000 2660.090088 0.000000 0.288296 0.000000 -0.957541 0.400000 0.400000 0.400000
1994.929565 0.000000 2648.430420 0.000000 0.632028 0.000000 -0.774945 0.400000 0.400000 0.400000
2003.633667 0.000000 2644.838135 0.000000 0.371146 0.000000 0.928574 0.400000 0.400000 0.400000
1988.015381 0.000000 2670.720459 0.000000 0.619891 0.000000 0.784688 0.400000 0.400000 0.400000
1995.861206 0.000000 2628.965576 0.000000 0.989297 0.000000 0.145917 0.400000 0.400000 0.400000
1846.834473 0.000000 2688.095947 0.000000 0.268655 0.000000 0.963237 0.400000 0.400000 0.400000
1803.162964 0.000000 2688.130615 0.000000 0.306637 0.000000 0.951827 0.400000 0.400000 0.400000
1834.766479 0.000000 2695.290283 0.000000 0.086611 0.000000 0.996242 0.400000 0.400000 0.400000
1792.153809 0.000000 2690.636963 0.000000 0.758006 0.000000 0.652248 0.400000 0.400000 0.400000
1813.355713 0.000000 2687.697754 0.000000 0.925122 0.000000 0.379669 0.400000 0.400000 0.400000
1841.540039 0.000000 2700.825439 0.000000 0.951090 0.000000 0.308915 0.400000 0.400000 0.400000
1844.665527 0.000000 2694.646973 0.000000 0.020605 0.000000 0.999788 0.400000 0.400000 0.400000
1798.569702 0.000000 2692.031250 0.000000 0.845753 0.000000 0.533575 0.400000 0.400000 0.400000
1829.208374 0.000000 2693.087891 0.000000 0.722757 0.000000 -0.691102 0.400000 0.400000 0.400000
1839.634399 0.000000 2696.218018 0.000000 0.683734 0.000000 -0.729731 0.400000 0.400000 0.400000
1803.884644 0.000000 2692.949951 0.000000 0.506206 0.000000 -0.862413 0.400000 0.400000 0.400000
1857.275635 0.000000 2703.200195 0.000000 0.858593 0.000000 0.512658 0.400000 0.400000 0.400000
1892.978271 0.000000 2733.261475 0.000000 0.222216 0.000000 0.974997 0.400000 0.400000 0.400000
1901.911255 0.000000 2717.630127 0.000000 0.989579 0.000000 -0.143994 0.400000 0.400000 0.400000
1895.701294 0.000000 2712.927490 0.000000 0.063610 0.000000 0.997975 0.400000 0.400000 0.400000
1895.620728 0.000000 2726.782959 0.000000 0.819626 0.000000 0.572899 0.400000 0.400000 0.400000
1909.292969 0.000000 2717.566650 0.000000 0.346779 0.000000 -0.937947 0.400000 0.400000 0.400000
1900.989258 0.000000 2723.733398 0.000000 0.151315 0.000000 0.988486 0.400000 0.400000 0.400000
1870.512939 0.000000 2698.508789 0.000000 0.853416 0.000000 0.521230 0.400000 0.400000 0.400000
1914.077026 0.000000 2719.332764 0.000000 0.818579 0.000000 0.574395 0.400000 0.400000 0.400000
1890.868408 0.000000 2712.952881 0.000000 0.820918 0.000000 -0.571046 0.400000 0.400000 0.400000
1896.932251 0.000000 2717.498535 0.000000 0.973302 0.000000 0.229528 0.400000 0.400000 0.400000
1880.062744 0.000000 2697.267334 0.000000 0.495553 0.000000 0.868577 0.400000 0.400000 0.400000
1957.113647 0.000000 2720.474121 0.000000 0.535230 0.000000 -0.844706 0.400000 0.400000 0.400000
1919.996216 0.000000 2712.222412 0.000000 0.308749 0.000000 0.951143 0.400000 0.400000 0.400000
1928.022583 0.000000 2730.836182 0.000000 0.832013 0.000000 -0.554757 0.400000 0.400000 0.400000
1945.172852 0.000000 2724.074463 0.000000 0.613289 0.000000 0.789859 0.400000 0.400000 0.400000
1939.641479 0.000000 2708.822510 0.000000 0.017823 0.000000 -0.999841 0.400000 0.400000 0.400000
1924.023193 0.000000 2734.704834 0.000000 0.573323 0.000000 0.819330 0.400000 0.400000 0.400000
1933.363770 0.000000 2708.127197 0.000000 0.919792 0.000000 -0.392406 0.400000 0.400000 0.400000
1954.860596 0.000000 2712.952881 0.000000 0.680433 0.000000 0.732810 0.400000 0.400000 0.400000
1935.134277 0.000000 2728.003662 0.000000 0.888077 0.000000 -0.459696 0.400000 0.400000 0.400000
1949.335693 0.000000 2710.977051 0.000000 0.999305 0.000000 -0.037274 0.400000 0.400000 0.400000
"}
