object={
	name="tree_leaf_2_high_generator_1_0"
	clamp_to_water_level=no
	render_under_water=no
	generated_content=yes
	layer="tree_high_layer"
	pdxmesh="tree_leaf_01_a_mesh"
	count=184
	transform="1022.050049 0.000000 2162.570557 0.000000 0.998877 0.000000 0.047388 0.599432 0.599432 0.599432
860.566772 0.000000 2227.878418 0.000000 0.932577 0.000000 0.360970 0.580638 0.580638 0.580638
853.669128 0.000000 2229.814941 0.000000 0.323496 0.000000 0.946230 0.557232 0.557232 0.557232
852.022949 0.000000 2231.934570 0.000000 0.245104 0.000000 0.969497 0.526666 0.526666 0.526666
937.432251 0.000000 2191.880859 0.000000 0.820547 0.000000 0.571579 0.565367 0.565367 0.565367
926.589478 0.000000 2224.135986 0.000000 0.784464 0.000000 0.620175 0.564928 0.564928 0.564928
940.524231 0.000000 2188.127197 0.000000 0.982777 0.000000 0.184797 0.596659 0.596659 0.596659
946.987244 0.000000 2206.008301 0.000000 0.851678 0.000000 0.524065 0.568601 0.568601 0.568601
980.848816 0.000000 2234.515137 0.000000 0.653913 0.000000 0.756570 0.549873 0.549873 0.549873
1000.204346 0.000000 2237.409424 0.000000 0.997467 0.000000 0.071133 0.595521 0.595521 0.595521
988.387024 0.000000 2238.442139 0.000000 0.708890 0.000000 0.705319 0.554265 0.554265 0.554265
1013.402283 0.000000 2205.691650 0.000000 0.726565 0.000000 0.687098 0.578441 0.578441 0.578441
998.834778 0.000000 2227.857178 0.000000 0.898392 0.000000 0.439195 0.594551 0.594551 0.594551
959.984802 0.000000 2236.540283 0.000000 0.894739 0.000000 0.446589 0.573648 0.573648 0.573648
977.964111 0.000000 2227.912842 0.000000 0.786849 0.000000 0.617146 0.574097 0.574097 0.574097
962.227661 0.000000 2196.047119 0.000000 0.696734 0.000000 0.717329 0.579629 0.579629 0.579629
986.135986 0.000000 2221.854248 0.000000 0.458461 0.000000 0.888714 0.557372 0.557372 0.557372
990.609253 0.000000 2219.662842 0.000000 0.433474 0.000000 0.901166 0.519295 0.519295 0.519295
979.656494 0.000000 2223.806641 0.000000 0.209639 0.000000 0.977779 0.477806 0.477806 0.477806
1008.056885 0.000000 2214.917480 0.000000 0.987217 0.000000 0.159385 0.589450 0.589450 0.589450
1015.660400 0.000000 2210.760010 0.000000 0.817592 0.000000 0.575798 0.544854 0.544854 0.544854
1017.985657 0.000000 2193.260254 0.000000 0.987727 0.000000 0.156193 0.593187 0.593187 0.593187
1009.158081 0.000000 2227.025391 0.000000 0.442777 0.000000 0.896632 0.556688 0.556688 0.556688
992.086243 0.000000 2239.218018 0.000000 0.808558 0.000000 0.588417 0.563249 0.563249 0.563249
1012.799072 0.000000 2209.281738 0.000000 0.910590 0.000000 0.413311 0.582767 0.582767 0.582767
979.355835 0.000000 2237.314453 0.000000 0.987075 0.000000 0.160261 0.593490 0.593490 0.593490
990.743164 0.000000 2236.438477 0.000000 0.491882 0.000000 0.870662 0.536695 0.536695 0.536695
994.634399 0.000000 2219.497559 0.000000 0.630888 0.000000 0.775874 0.556100 0.556100 0.556100
976.893921 0.000000 2225.051270 0.000000 0.425433 0.000000 0.904990 0.552549 0.552549 0.552549
982.965210 0.000000 2222.942383 0.000000 0.650809 0.000000 0.759241 0.548343 0.548343 0.548343
1018.437317 0.000000 2233.896973 0.000000 0.538252 0.000000 0.842784 0.524921 0.524921 0.524921
971.028687 0.000000 2223.968750 0.000000 0.303567 0.000000 0.952810 0.530036 0.530036 0.530036
984.267822 0.000000 2218.478027 0.000000 0.993696 0.000000 0.112105 0.592427 0.592427 0.592427
1015.408264 0.000000 2207.874268 0.000000 0.560930 0.000000 0.827863 0.532798 0.532798 0.532798
1018.504456 0.000000 2210.662354 0.000000 0.765775 0.000000 0.643109 0.560238 0.560238 0.560238
974.171082 0.000000 2222.510498 0.000000 0.129614 0.000000 0.991565 0.530936 0.530936 0.530936
1015.872559 0.000000 2235.769775 0.000000 0.871014 0.000000 0.491258 0.563846 0.563846 0.563846
1010.655945 0.000000 2214.668945 0.000000 0.014811 0.000000 0.999890 0.474139 0.474139 0.474139
1012.593689 0.000000 2235.550293 0.000000 0.816314 0.000000 0.577608 0.545577 0.545577 0.545577
1016.585938 0.000000 2225.316895 0.000000 0.606082 0.000000 0.795402 0.543518 0.543518 0.543518
984.170593 0.000000 2220.854248 0.000000 0.432675 0.000000 0.901550 0.507453 0.507453 0.507453
1017.069275 0.000000 2209.213867 0.000000 0.521222 0.000000 0.853421 0.478999 0.478999 0.478999
1013.884216 0.000000 2232.147217 0.000000 0.114146 0.000000 0.993464 0.473468 0.473468 0.473468
944.168762 0.000000 2261.396484 0.000000 0.449380 0.000000 0.893340 0.598345 0.598345 0.598345
938.875854 0.000000 2247.399658 0.000000 0.993556 0.000000 0.113340 0.598979 0.598979 0.598979
942.028320 0.000000 2269.739502 0.000000 0.997879 0.000000 0.065099 0.598048 0.598048 0.598048
912.096436 0.000000 2266.040771 0.000000 0.324923 0.000000 0.945740 0.590714 0.590714 0.590714
931.413330 0.000000 2250.597900 0.000000 0.079592 0.000000 0.996828 0.564263 0.564263 0.564263
924.663147 0.000000 2254.763916 0.000000 0.883320 0.000000 0.468771 0.594153 0.594153 0.594153
958.057861 0.000000 2290.539307 0.000000 0.999999 0.000000 0.001445 0.599963 0.599963 0.599963
959.249390 0.000000 2295.522949 0.000000 0.999759 0.000000 0.021939 0.599507 0.599507 0.599507
912.499146 0.000000 2262.473389 0.000000 0.524089 0.000000 0.851663 0.546569 0.546569 0.546569
934.764648 0.000000 2248.313477 0.000000 0.695687 0.000000 0.718345 0.563986 0.563986 0.563986
933.480103 0.000000 2253.185547 0.000000 0.964013 0.000000 0.265856 0.583071 0.583071 0.583071
957.113525 0.000000 2297.242188 0.000000 0.997658 0.000000 0.068393 0.596822 0.596822 0.596822
956.768982 0.000000 2292.915283 0.000000 0.922662 0.000000 0.385610 0.575688 0.575688 0.575688
930.708252 0.000000 2253.450439 0.000000 0.998266 0.000000 0.058864 0.595765 0.595765 0.595765
926.613647 0.000000 2256.598633 0.000000 0.574473 0.000000 0.818523 0.528187 0.528187 0.528187
958.997559 0.000000 2293.283936 0.000000 0.942462 0.000000 0.334315 0.576512 0.576512 0.576512
971.264404 0.000000 2240.239990 0.000000 0.964266 0.000000 0.264938 0.599197 0.599197 0.599197
976.088623 0.000000 2266.040771 0.000000 0.103721 0.000000 0.994606 0.591211 0.591211 0.591211
973.310486 0.000000 2295.901123 0.000000 0.158550 0.000000 0.987351 0.517537 0.517537 0.517537
1021.312561 0.000000 2260.276855 0.000000 0.155425 0.000000 0.987848 0.542782 0.542782 0.542782
970.244568 0.000000 2301.151123 0.000000 0.224144 0.000000 0.974556 0.569785 0.569785 0.569785
985.587341 0.000000 2295.244873 0.000000 0.942041 0.000000 0.335499 0.590263 0.590263 0.590263
964.794250 0.000000 2292.874023 0.000000 0.263753 0.000000 0.964590 0.531641 0.531641 0.531641
1022.541931 0.000000 2263.768799 0.000000 0.997877 0.000000 0.065134 0.598243 0.598243 0.598243
1009.158081 0.000000 2291.009766 0.000000 0.643217 0.000000 0.765684 0.509862 0.509862 0.509862
1004.198730 0.000000 2239.605957 0.000000 0.095168 0.000000 0.995461 0.540325 0.540325 0.540325
972.368652 0.000000 2248.320557 0.000000 0.806510 0.000000 0.591220 0.567783 0.567783 0.567783
992.827759 0.000000 2277.370850 0.000000 0.972721 0.000000 0.231980 0.590532 0.590532 0.590532
983.004761 0.000000 2296.528320 0.000000 0.382171 0.000000 0.924092 0.548799 0.548799 0.548799
967.423523 0.000000 2292.061523 0.000000 0.859019 0.000000 0.511944 0.575043 0.575043 0.575043
1023.862244 0.000000 2261.322510 0.000000 0.255970 0.000000 0.966685 0.531218 0.531218 0.531218
970.766113 0.000000 2296.525146 0.000000 0.849403 0.000000 0.527744 0.570021 0.570021 0.570021
1009.707947 0.000000 2296.392578 0.000000 0.563532 0.000000 0.826094 0.533015 0.533015 0.533015
977.731812 0.000000 2271.489258 0.000000 0.667392 0.000000 0.744707 0.545889 0.545889 0.545889
1014.066101 0.000000 2291.799805 0.000000 0.513595 0.000000 0.858033 0.521205 0.521205 0.521205
1016.585938 0.000000 2289.301270 0.000000 0.919651 0.000000 0.392736 0.573399 0.573399 0.573399
1022.989746 0.000000 2293.283936 0.000000 0.195706 0.000000 0.980663 0.503280 0.503280 0.503280
1021.277588 0.000000 2294.981934 0.000000 0.372988 0.000000 0.927836 0.480714 0.480714 0.480714
923.459229 0.000000 2335.687744 0.000000 0.131300 0.000000 0.991343 0.548263 0.548263 0.548263
1011.579712 0.000000 2340.271973 0.000000 0.837744 0.000000 0.546064 0.596539 0.596539 0.596539
1000.204346 0.000000 2365.378174 0.000000 0.967631 0.000000 0.252368 0.591210 0.591210 0.591210
981.457214 0.000000 2303.791504 0.000000 0.702124 0.000000 0.712055 0.588130 0.588130 0.588130
1010.244690 0.000000 2363.830078 0.000000 0.166463 0.000000 0.986048 0.578976 0.578976 0.578976
1006.020508 0.000000 2333.723877 0.000000 0.651933 0.000000 0.758276 0.572927 0.572927 0.572927
988.655334 0.000000 2318.748291 0.000000 0.590803 0.000000 0.806816 0.592969 0.592969 0.592969
1012.767029 0.000000 2310.740723 0.000000 0.178695 0.000000 0.983905 0.541653 0.541653 0.541653
994.133728 0.000000 2364.590576 0.000000 0.635821 0.000000 0.771837 0.585472 0.585472 0.585472
983.364258 0.000000 2308.740479 0.000000 0.215810 0.000000 0.976435 0.531078 0.531078 0.531078
974.622253 0.000000 2314.602539 0.000000 0.982225 0.000000 0.187707 0.597454 0.597454 0.597454
990.960022 0.000000 2314.849854 0.000000 0.407106 0.000000 0.913381 0.558603 0.558603 0.558603
1021.664062 0.000000 2319.903564 0.000000 0.627990 0.000000 0.778222 0.553244 0.553244 0.553244
1013.871826 0.000000 2365.503662 0.000000 0.854407 0.000000 0.519604 0.568080 0.568080 0.568080
992.545288 0.000000 2318.841064 0.000000 0.632291 0.000000 0.774731 0.556189 0.556189 0.556189
980.246521 0.000000 2307.068115 0.000000 0.293524 0.000000 0.955952 0.533266 0.533266 0.533266
1010.891602 0.000000 2313.609375 0.000000 0.999990 0.000000 0.004465 0.599739 0.599739 0.599739
1008.404175 0.000000 2339.277832 0.000000 0.970400 0.000000 0.241504 0.587943 0.587943 0.587943
1015.707336 0.000000 2317.129395 0.000000 0.728909 0.000000 0.684611 0.555948 0.555948 0.555948
972.162109 0.000000 2306.479248 0.000000 0.976464 0.000000 0.215681 0.586975 0.586975 0.586975
992.678711 0.000000 2330.112061 0.000000 0.907275 0.000000 0.420537 0.571393 0.571393 0.571393
981.088440 0.000000 2309.304932 0.000000 0.904672 0.000000 0.426109 0.569669 0.569669 0.569669
965.609985 0.000000 2303.983643 0.000000 0.203916 0.000000 0.978988 0.438419 0.438419 0.438419
1011.102295 0.000000 2370.871094 0.000000 0.507740 0.000000 0.861511 0.534681 0.534681 0.534681
1008.939636 0.000000 2373.173828 0.000000 0.120450 0.000000 0.992719 0.432750 0.432750 0.432750
1032.436157 0.000000 2161.352539 0.000000 0.912835 0.000000 0.408328 0.584248 0.584248 0.584248
1024.375977 0.000000 2162.601074 0.000000 0.999948 0.000000 0.010233 0.599510 0.599510 0.599510
1054.573853 0.000000 2160.151611 0.000000 0.433847 0.000000 0.900986 0.579831 0.579831 0.579831
1041.956299 0.000000 2163.928467 0.000000 0.257984 0.000000 0.966149 0.578417 0.578417 0.578417
1049.579468 0.000000 2167.276123 0.000000 0.290112 0.000000 0.956993 0.546463 0.546463 0.546463
1028.786499 0.000000 2164.905273 0.000000 0.720034 0.000000 0.693939 0.580470 0.580470 0.580470
1050.128174 0.000000 2157.869873 0.000000 0.324019 0.000000 0.946051 0.516360 0.516360 0.516360
1043.648682 0.000000 2159.822266 0.000000 0.738089 0.000000 0.674703 0.566721 0.566721 0.566721
1035.933472 0.000000 2157.138428 0.000000 0.730128 0.000000 0.683310 0.551545 0.551545 0.551545
1045.645630 0.000000 2165.830566 0.000000 0.030250 0.000000 0.999542 0.558463 0.558463 0.558463
1031.457886 0.000000 2158.132812 0.000000 0.403870 0.000000 0.914816 0.553285 0.553285 0.553285
1050.820923 0.000000 2160.985596 0.000000 0.876585 0.000000 0.481247 0.580446 0.580446 0.580446
1043.108887 0.000000 2157.048828 0.000000 0.508986 0.000000 0.860775 0.544091 0.544091 0.544091
1025.509277 0.000000 2165.204102 0.000000 0.679770 0.000000 0.733425 0.544501 0.544501 0.544501
1031.415771 0.000000 2164.092773 0.000000 0.257961 0.000000 0.966155 0.541137 0.541137 0.541137
1052.149780 0.000000 2166.504639 0.000000 0.969822 0.000000 0.243812 0.586349 0.586349 0.586349
1038.163330 0.000000 2158.526123 0.000000 0.877382 0.000000 0.479793 0.573764 0.573764 0.573764
1026.841675 0.000000 2162.721191 0.000000 0.450051 0.000000 0.893003 0.533853 0.533853 0.533853
1080.515259 0.000000 2227.822998 0.000000 0.961622 0.000000 0.274377 0.594171 0.594171 0.594171
1032.041992 0.000000 2204.793213 0.000000 0.141619 0.000000 0.989921 0.546498 0.546498 0.546498
1054.808716 0.000000 2203.728027 0.000000 0.783533 0.000000 0.621351 0.594978 0.594978 0.594978
1046.602539 0.000000 2189.788574 0.000000 0.942369 0.000000 0.334575 0.596423 0.596423 0.596423
1043.750854 0.000000 2196.947510 0.000000 0.922972 0.000000 0.384867 0.584614 0.584614 0.584614
1036.481079 0.000000 2205.102539 0.000000 0.495063 0.000000 0.868857 0.549531 0.549531 0.549531
1065.568115 0.000000 2231.028809 0.000000 0.892061 0.000000 0.451915 0.574714 0.574714 0.574714
1057.619995 0.000000 2222.421875 0.000000 0.537018 0.000000 0.843571 0.556391 0.556391 0.556391
1046.093384 0.000000 2211.736816 0.000000 0.702584 0.000000 0.711601 0.549001 0.549001 0.549001
1068.239624 0.000000 2208.541016 0.000000 0.044763 0.000000 0.998998 0.508565 0.508565 0.508565
1026.839478 0.000000 2201.886719 0.000000 0.786907 0.000000 0.617072 0.578085 0.578085 0.578085
1084.766602 0.000000 2223.792480 0.000000 0.981812 0.000000 0.189858 0.590844 0.590844 0.590844
1046.862915 0.000000 2195.506348 0.000000 0.963717 0.000000 0.266927 0.589072 0.589072 0.589072
1056.466675 0.000000 2199.349365 0.000000 0.075843 0.000000 0.997120 0.526106 0.526106 0.526106
1048.260010 0.000000 2218.478027 0.000000 0.924483 0.000000 0.381224 0.583596 0.583596 0.583596
1045.919678 0.000000 2209.201660 0.000000 0.883791 0.000000 0.467881 0.570827 0.570827 0.570827
1083.601318 0.000000 2221.658691 0.000000 0.969218 0.000000 0.246204 0.582859 0.582859 0.582859
1074.971680 0.000000 2206.008301 0.000000 0.436732 0.000000 0.899592 0.516203 0.516203 0.516203
1054.873413 0.000000 2209.018311 0.000000 0.146676 0.000000 0.989184 0.508305 0.508305 0.508305
1063.407593 0.000000 2208.770264 0.000000 0.646075 0.000000 0.763274 0.541466 0.541466 0.541466
1103.450439 0.000000 2208.417725 0.000000 0.687109 0.000000 0.726555 0.591472 0.591472 0.591472
1115.435913 0.000000 2207.718994 0.000000 0.587781 0.000000 0.809020 0.556235 0.556235 0.556235
1072.153198 0.000000 2261.396484 0.000000 0.773040 0.000000 0.634357 0.578384 0.578384 0.578384
1075.571899 0.000000 2276.287598 0.000000 0.938534 0.000000 0.345186 0.583106 0.583106 0.583106
1040.941406 0.000000 2256.870605 0.000000 0.672976 0.000000 0.739664 0.556350 0.556350 0.556350
1040.315918 0.000000 2284.811279 0.000000 0.105049 0.000000 0.994467 0.534141 0.534141 0.534141
1069.764282 0.000000 2282.753662 0.000000 0.616794 0.000000 0.787125 0.576926 0.576926 0.576926
1040.080811 0.000000 2266.040771 0.000000 0.389327 0.000000 0.921099 0.563168 0.563168 0.563168
1077.394409 0.000000 2269.676025 0.000000 0.947670 0.000000 0.319251 0.583451 0.583451 0.583451
1039.458252 0.000000 2272.402100 0.000000 0.869795 0.000000 0.493414 0.573720 0.573720 0.573720
1050.064331 0.000000 2267.292480 0.000000 0.553197 0.000000 0.833051 0.571978 0.571978 0.571978
1051.443604 0.000000 2271.703369 0.000000 0.997238 0.000000 0.074266 0.595212 0.595212 0.595212
1036.481079 0.000000 2269.086914 0.000000 0.854641 0.000000 0.519219 0.586098 0.586098 0.586098
1053.500732 0.000000 2258.867188 0.000000 0.718608 0.000000 0.695416 0.580418 0.580418 0.580418
1072.049072 0.000000 2278.901855 0.000000 0.065991 0.000000 0.997820 0.503077 0.503077 0.503077
1042.627319 0.000000 2281.811768 0.000000 0.735696 0.000000 0.677312 0.545384 0.545384 0.545384
1031.457886 0.000000 2286.101562 0.000000 0.531458 0.000000 0.847085 0.545510 0.545510 0.545510
1048.394409 0.000000 2264.767090 0.000000 0.739008 0.000000 0.673696 0.567889 0.567889 0.567889
1079.400391 0.000000 2271.858643 0.000000 0.955783 0.000000 0.294074 0.583010 0.583010 0.583010
1040.916504 0.000000 2259.690430 0.000000 0.292856 0.000000 0.956156 0.517967 0.517967 0.517967
1027.720703 0.000000 2295.335205 0.000000 0.069406 0.000000 0.997589 0.519040 0.519040 0.519040
1043.073242 0.000000 2255.206299 0.000000 0.807877 0.000000 0.589351 0.568846 0.568846 0.568846
1076.075562 0.000000 2267.150391 0.000000 0.615568 0.000000 0.788084 0.552412 0.552412 0.552412
1072.494629 0.000000 2281.469727 0.000000 0.936200 0.000000 0.351469 0.574716 0.574716 0.574716
1023.876648 0.000000 2297.842041 0.000000 0.293479 0.000000 0.955965 0.472247 0.472247 0.472247
1093.228271 0.000000 2263.779541 0.000000 0.995313 0.000000 0.096702 0.596518 0.596518 0.596518
1090.629761 0.000000 2268.995361 0.000000 0.328259 0.000000 0.944588 0.540738 0.540738 0.540738
1095.869507 0.000000 2265.574951 0.000000 0.154376 0.000000 0.988012 0.546981 0.546981 0.546981
1093.313477 0.000000 2267.558105 0.000000 0.223098 0.000000 0.974796 0.529443 0.529443 0.529443
1151.486816 0.000000 2283.162842 0.000000 0.468799 0.000000 0.883305 0.546472 0.546472 0.546472
1156.116943 0.000000 2286.814209 0.000000 0.978157 0.000000 0.207869 0.590904 0.590904 0.590904
1164.465454 0.000000 2269.086914 0.000000 0.448448 0.000000 0.893809 0.525464 0.525464 0.525464
1174.868408 0.000000 2279.992432 0.000000 0.344392 0.000000 0.938826 0.536080 0.536080 0.536080
1196.224121 0.000000 2272.525391 0.000000 0.298883 0.000000 0.954290 0.535458 0.535458 0.535458
1185.867798 0.000000 2268.620117 0.000000 0.773331 0.000000 0.634002 0.578398 0.578398 0.578398
1177.385376 0.000000 2278.934326 0.000000 0.991824 0.000000 0.127611 0.590800 0.590800 0.590800
1180.169312 0.000000 2274.169189 0.000000 0.880470 0.000000 0.474103 0.552647 0.552647 0.552647
1025.377197 0.000000 2319.293945 0.000000 0.295329 0.000000 0.955396 0.550500 0.550500 0.550500
1049.160278 0.000000 2321.389893 0.000000 0.999760 0.000000 0.021927 0.599606 0.599606 0.599606
1048.394409 0.000000 2328.751465 0.000000 0.966075 0.000000 0.258262 0.588261 0.588261 0.588261
"}
object={
	name="tree_leaf_2_high_generator_1_1"
	clamp_to_water_level=no
	render_under_water=no
	generated_content=yes
	layer="tree_high_layer"
	pdxmesh="tree_leaf_01_b_mesh"
	count=221
	transform="882.260315 0.000000 2235.861328 0.000000 0.909671 0.000000 -0.415330 0.624380 0.624380 0.624380
865.643433 0.000000 2222.421875 0.000000 0.487211 0.000000 -0.873284 0.677942 0.677942 0.677942
867.096619 0.000000 2247.339355 0.000000 0.967454 0.000000 -0.253046 0.608431 0.608431 0.608431
875.841064 0.000000 2242.163330 0.000000 0.982735 0.000000 -0.185020 0.611429 0.611429 0.611429
956.441650 0.000000 2236.189453 0.000000 0.344500 0.000000 -0.938786 0.662088 0.662088 0.662088
949.410095 0.000000 2205.691650 0.000000 0.633844 0.000000 -0.773461 0.613246 0.613246 0.613246
950.003235 0.000000 2191.249756 0.000000 0.680395 0.000000 -0.732846 0.649282 0.649282 0.649282
924.558960 0.000000 2227.878418 0.000000 0.727551 0.000000 -0.686053 0.632843 0.632843 0.632843
938.153381 0.000000 2189.188477 0.000000 0.933403 0.000000 -0.358831 0.621441 0.621441 0.621441
951.715149 0.000000 2189.160645 0.000000 0.468311 0.000000 -0.883564 0.666538 0.666538 0.666538
949.564514 0.000000 2193.878174 0.000000 0.677393 0.000000 -0.735621 0.660670 0.660670 0.660670
976.323730 0.000000 2220.826904 0.000000 0.181951 0.000000 -0.983308 0.622868 0.622868 0.622868
1019.152344 0.000000 2202.061768 0.000000 0.999223 0.000000 -0.039405 0.600413 0.600413 0.600413
986.852417 0.000000 2217.274170 0.000000 0.999684 0.000000 -0.025119 0.600188 0.600188 0.600188
1005.526123 0.000000 2227.924072 0.000000 0.303115 0.000000 -0.952954 0.611350 0.611350 0.611350
960.113403 0.000000 2200.347412 0.000000 0.564461 0.000000 -0.825460 0.650908 0.650908 0.650908
1005.772034 0.000000 2218.769287 0.000000 0.967707 0.000000 -0.252077 0.611451 0.611451 0.611451
993.550232 0.000000 2216.337402 0.000000 0.999773 0.000000 -0.021322 0.601086 0.601086 0.601086
976.255554 0.000000 2237.610107 0.000000 0.695737 0.000000 -0.718297 0.652816 0.652816 0.652816
981.947632 0.000000 2220.091553 0.000000 0.957823 0.000000 -0.287359 0.619647 0.619647 0.619647
1018.186340 0.000000 2207.457764 0.000000 0.245532 0.000000 -0.969388 0.706993 0.706993 0.706993
997.866699 0.000000 2232.893555 0.000000 0.330453 0.000000 -0.943823 0.664696 0.664696 0.664696
1021.897156 0.000000 2185.736572 0.000000 0.651825 0.000000 -0.758369 0.619341 0.619341 0.619341
1004.423767 0.000000 2238.234131 0.000000 0.586858 0.000000 -0.809690 0.638164 0.638164 0.638164
1013.871826 0.000000 2237.534912 0.000000 0.709938 0.000000 -0.704264 0.621068 0.621068 0.621068
965.371216 0.000000 2193.791016 0.000000 0.215267 0.000000 -0.976555 0.670978 0.670978 0.670978
997.164978 0.000000 2217.748047 0.000000 0.905294 0.000000 -0.424785 0.628916 0.628916 0.628916
999.112915 0.000000 2224.166748 0.000000 0.492258 0.000000 -0.870450 0.644296 0.644296 0.644296
997.216492 0.000000 2236.898438 0.000000 0.163971 0.000000 -0.986465 0.684248 0.684248 0.684248
1018.862976 0.000000 2186.021973 0.000000 0.834682 0.000000 -0.550732 0.632325 0.632325 0.632325
1013.517395 0.000000 2214.721436 0.000000 0.377465 0.000000 -0.926024 0.708163 0.708163 0.708163
993.022644 0.000000 2233.874756 0.000000 0.114152 0.000000 -0.993463 0.654539 0.654539 0.654539
1014.641602 0.000000 2223.993652 0.000000 0.968520 0.000000 -0.248937 0.612059 0.612059 0.612059
997.321045 0.000000 2230.247314 0.000000 0.362378 0.000000 -0.932031 0.682684 0.682684 0.682684
1014.473450 0.000000 2217.228760 0.000000 0.891049 0.000000 -0.453907 0.632464 0.632464 0.632464
1008.502441 0.000000 2217.485352 0.000000 0.220784 0.000000 -0.975323 0.719149 0.719149 0.719149
998.811279 0.000000 2219.652100 0.000000 0.032047 0.000000 -0.999486 0.809748 0.809748 0.809748
1020.496643 0.000000 2187.912842 0.000000 0.213547 0.000000 -0.976933 0.695437 0.695437 0.695437
1003.529358 0.000000 2218.066895 0.000000 0.142608 0.000000 -0.989779 0.743286 0.743286 0.743286
1001.807190 0.000000 2239.399902 0.000000 0.977630 0.000000 -0.210331 0.614602 0.614602 0.614602
1016.591553 0.000000 2191.373535 0.000000 0.566437 0.000000 -0.824105 0.671095 0.671095 0.671095
977.506958 0.000000 2222.778076 0.000000 0.238259 0.000000 -0.971202 0.715570 0.715570 0.715570
1013.871338 0.000000 2212.473389 0.000000 0.304240 0.000000 -0.952595 0.688824 0.688824 0.688824
1000.886597 0.000000 2228.781494 0.000000 0.380182 0.000000 -0.924911 0.677825 0.677825 0.677825
999.425171 0.000000 2231.323730 0.000000 0.921712 0.000000 -0.387876 0.628640 0.628640 0.628640
1011.160889 0.000000 2227.814209 0.000000 0.989144 0.000000 -0.146951 0.613255 0.613255 0.613255
1012.598755 0.000000 2224.196045 0.000000 0.926855 0.000000 -0.375421 0.636318 0.636318 0.636318
952.530823 0.000000 2291.807373 0.000000 0.699790 0.000000 -0.714349 0.602384 0.602384 0.602384
950.943848 0.000000 2240.205322 0.000000 0.726848 0.000000 -0.686798 0.601134 0.601134 0.601134
955.554993 0.000000 2245.830566 0.000000 0.064559 0.000000 -0.997914 0.699271 0.699271 0.699271
957.538025 0.000000 2240.259766 0.000000 0.783315 0.000000 -0.621625 0.641198 0.641198 0.641198
915.766479 0.000000 2260.931885 0.000000 0.999774 0.000000 -0.021242 0.601241 0.601241 0.601241
936.125427 0.000000 2251.488037 0.000000 0.966124 0.000000 -0.258079 0.610166 0.610166 0.610166
925.516357 0.000000 2258.867188 0.000000 0.803317 0.000000 -0.595551 0.612423 0.612423 0.612423
945.590027 0.000000 2267.836670 0.000000 0.522933 0.000000 -0.852374 0.642802 0.642802 0.642802
928.553101 0.000000 2254.856689 0.000000 0.153607 0.000000 -0.988132 0.680634 0.680634 0.680634
954.268066 0.000000 2241.421387 0.000000 0.999645 0.000000 -0.026641 0.601197 0.601197 0.601197
954.313416 0.000000 2243.750244 0.000000 0.247724 0.000000 -0.968831 0.685053 0.685053 0.685053
980.848816 0.000000 2298.499512 0.000000 0.324960 0.000000 -0.945728 0.601857 0.601857 0.601857
1005.526123 0.000000 2291.908447 0.000000 0.994624 0.000000 -0.103548 0.600777 0.600777 0.600777
1010.244690 0.000000 2299.845703 0.000000 0.748726 0.000000 -0.662880 0.633650 0.633650 0.633650
960.383728 0.000000 2290.569824 0.000000 0.943010 0.000000 -0.332766 0.608130 0.608130 0.608130
1012.556335 0.000000 2285.772461 0.000000 0.998875 0.000000 -0.047431 0.601422 0.601422 0.601422
990.598572 0.000000 2275.261963 0.000000 0.314737 0.000000 -0.949179 0.622480 0.622480 0.622480
989.387329 0.000000 2241.176758 0.000000 0.680213 0.000000 -0.733015 0.613557 0.613557 0.613557
1011.058472 0.000000 2294.018555 0.000000 0.520986 0.000000 -0.853565 0.721033 0.721033 0.721033
976.255554 0.000000 2301.594482 0.000000 0.378997 0.000000 -0.925398 0.640726 0.640726 0.640726
1015.537048 0.000000 2297.203613 0.000000 0.968063 0.000000 -0.250709 0.603037 0.603037 0.603037
1008.125488 0.000000 2287.652100 0.000000 0.997675 0.000000 -0.068156 0.602043 0.602043 0.602043
1017.552307 0.000000 2287.147949 0.000000 0.156656 0.000000 -0.987653 0.716452 0.716452 0.716452
969.143738 0.000000 2294.279785 0.000000 0.863448 0.000000 -0.504438 0.627720 0.627720 0.627720
1023.471924 0.000000 2286.303467 0.000000 0.992010 0.000000 -0.126157 0.606442 0.606442 0.606442
1012.391785 0.000000 2289.998779 0.000000 0.740551 0.000000 -0.672000 0.666230 0.666230 0.666230
1007.514465 0.000000 2294.989502 0.000000 0.435595 0.000000 -0.900143 0.643623 0.643623 0.643623
1012.250122 0.000000 2297.268799 0.000000 0.425778 0.000000 -0.904828 0.652518 0.652518 0.652518
993.930420 0.000000 2274.471680 0.000000 0.555103 0.000000 -0.831781 0.658857 0.658857 0.658857
961.517090 0.000000 2293.172852 0.000000 0.330861 0.000000 -0.943680 0.692391 0.692391 0.692391
973.582336 0.000000 2302.317139 0.000000 0.632766 0.000000 -0.774343 0.642454 0.642454 0.642454
966.408691 0.000000 2295.333252 0.000000 0.752447 0.000000 -0.658653 0.648467 0.648467 0.648467
1010.751404 0.000000 2287.701904 0.000000 0.584938 0.000000 -0.811078 0.663766 0.663766 0.663766
971.454468 0.000000 2294.382812 0.000000 0.470737 0.000000 -0.882274 0.676082 0.676082 0.676082
1022.969299 0.000000 2288.459473 0.000000 0.975362 0.000000 -0.220611 0.614994 0.614994 0.614994
1018.640808 0.000000 2292.373779 0.000000 0.317565 0.000000 -0.948236 0.719608 0.719608 0.719608
1011.160889 0.000000 2291.798584 0.000000 0.788327 0.000000 -0.615257 0.660554 0.660554 0.660554
965.216736 0.000000 2299.980957 0.000000 0.782828 0.000000 -0.622239 0.654324 0.654324 0.654324
1009.138062 0.000000 2293.952881 0.000000 0.395683 0.000000 -0.918387 0.722050 0.722050 0.722050
1012.650696 0.000000 2293.000977 0.000000 0.803430 0.000000 -0.595400 0.669739 0.669739 0.669739
1020.601624 0.000000 2289.462402 0.000000 0.348528 0.000000 -0.937298 0.732836 0.732836 0.732836
918.864136 0.000000 2334.869385 0.000000 0.997742 0.000000 -0.067167 0.602114 0.602114 0.602114
922.080017 0.000000 2331.276855 0.000000 0.838286 0.000000 -0.545232 0.627642 0.627642 0.627642
921.401306 0.000000 2333.906494 0.000000 0.759910 0.000000 -0.650029 0.634979 0.634979 0.634979
1018.293579 0.000000 2316.962891 0.000000 0.925960 0.000000 -0.377623 0.625522 0.625522 0.625522
997.230774 0.000000 2336.567871 0.000000 0.930258 0.000000 -0.366905 0.610129 0.610129 0.610129
995.405518 0.000000 2314.582275 0.000000 0.843574 0.000000 -0.537012 0.609341 0.609341 0.609341
999.729980 0.000000 2342.876709 0.000000 0.133716 0.000000 -0.991020 0.634433 0.634433 0.634433
1005.098572 0.000000 2339.827148 0.000000 0.198334 0.000000 -0.980134 0.618485 0.618485 0.618485
966.671204 0.000000 2308.125000 0.000000 0.031901 0.000000 -0.999491 0.653018 0.653018 0.653018
993.550232 0.000000 2344.306152 0.000000 0.990148 0.000000 -0.140026 0.608418 0.608418 0.608418
997.866699 0.000000 2360.862305 0.000000 0.937687 0.000000 -0.347481 0.620201 0.620201 0.620201
971.986084 0.000000 2309.043701 0.000000 0.603070 0.000000 -0.797688 0.620749 0.620749 0.620749
1013.995422 0.000000 2319.218506 0.000000 0.426591 0.000000 -0.904445 0.620313 0.620313 0.620313
1009.784058 0.000000 2336.123535 0.000000 0.758525 0.000000 -0.651644 0.634021 0.634021 0.634021
1014.578796 0.000000 2314.701416 0.000000 0.398527 0.000000 -0.917156 0.636517 0.636517 0.636517
995.896606 0.000000 2340.578125 0.000000 0.854950 0.000000 -0.518710 0.625323 0.625323 0.625323
1001.575989 0.000000 2358.997559 0.000000 0.637701 0.000000 -0.770284 0.655319 0.655319 0.655319
977.412537 0.000000 2303.443359 0.000000 0.993284 0.000000 -0.115701 0.607122 0.607122 0.607122
963.163696 0.000000 2309.308838 0.000000 0.798946 0.000000 -0.601403 0.647361 0.647361 0.647361
993.891235 0.000000 2332.604492 0.000000 0.235091 0.000000 -0.971973 0.647939 0.647939 0.647939
997.216492 0.000000 2364.867188 0.000000 0.999921 0.000000 -0.012551 0.600677 0.600677 0.600677
1012.487549 0.000000 2316.717041 0.000000 0.074109 0.000000 -0.997250 0.667255 0.667255 0.667255
1007.076050 0.000000 2336.554688 0.000000 0.883016 0.000000 -0.469343 0.626345 0.626345 0.626345
1001.807190 0.000000 2367.368652 0.000000 0.647443 0.000000 -0.762114 0.651923 0.651923 0.651923
978.290100 0.000000 2305.599365 0.000000 0.241582 0.000000 -0.970380 0.689435 0.689435 0.689435
1014.936035 0.000000 2368.174072 0.000000 0.941019 0.000000 -0.338355 0.613443 0.613443 0.613443
1007.735901 0.000000 2376.296143 0.000000 0.980547 0.000000 -0.196286 0.605623 0.605623 0.605623
1005.406494 0.000000 2372.347900 0.000000 0.447282 0.000000 -0.894393 0.679599 0.679599 0.679599
999.312927 0.000000 2367.475830 0.000000 0.865604 0.000000 -0.500729 0.627495 0.627495 0.627495
1002.351685 0.000000 2368.024414 0.000000 0.076686 0.000000 -0.997055 0.743229 0.743229 0.743229
1047.545898 0.000000 2161.899902 0.000000 0.086044 0.000000 -0.996291 0.620015 0.620015 0.620015
1028.132446 0.000000 2158.845459 0.000000 0.983753 0.000000 -0.179527 0.602974 0.602974 0.602974
1054.601440 0.000000 2155.678467 0.000000 0.207615 0.000000 -0.978211 0.626516 0.626516 0.626516
1036.383301 0.000000 2164.373779 0.000000 0.999064 0.000000 -0.043266 0.601102 0.601102 0.601102
1029.283813 0.000000 2161.777588 0.000000 0.163627 0.000000 -0.986522 0.675842 0.675842 0.675842
1053.051514 0.000000 2157.787842 0.000000 0.025668 0.000000 -0.999671 0.699523 0.699523 0.699523
1034.131348 0.000000 2163.278564 0.000000 0.970633 0.000000 -0.240563 0.613829 0.613829 0.613829
1055.359985 0.000000 2157.977783 0.000000 0.997764 0.000000 -0.066829 0.604208 0.604208 0.604208
1040.315918 0.000000 2220.826904 0.000000 0.912703 0.000000 -0.408623 0.603783 0.603783 0.603783
1084.332642 0.000000 2219.278320 0.000000 0.896196 0.000000 -0.443659 0.606197 0.606197 0.606197
1024.105591 0.000000 2200.347412 0.000000 0.909280 0.000000 -0.416184 0.601929 0.601929 0.601929
1070.012695 0.000000 2205.755127 0.000000 0.722789 0.000000 -0.691069 0.604572 0.604572 0.604572
1040.080811 0.000000 2202.056396 0.000000 0.923497 0.000000 -0.383605 0.606487 0.606487 0.606487
1052.647583 0.000000 2190.779541 0.000000 0.796232 0.000000 -0.604992 0.612653 0.612653 0.612653
1054.590820 0.000000 2211.277588 0.000000 0.825844 0.000000 -0.563899 0.622435 0.622435 0.622435
1077.394409 0.000000 2205.691650 0.000000 0.950500 0.000000 -0.310723 0.612305 0.612305 0.612305
1069.090698 0.000000 2211.858398 0.000000 0.999988 0.000000 -0.004812 0.600087 0.600087 0.600087
1045.939819 0.000000 2220.091553 0.000000 0.586117 0.000000 -0.810226 0.616978 0.616978 0.616978
1066.483643 0.000000 2223.303467 0.000000 0.871178 0.000000 -0.490968 0.609225 0.609225 0.609225
1049.282104 0.000000 2212.199463 0.000000 0.982272 0.000000 -0.187460 0.606214 0.606214 0.606214
1039.243530 0.000000 2216.128662 0.000000 0.726215 0.000000 -0.687468 0.628386 0.628386 0.628386
1051.443604 0.000000 2207.718994 0.000000 0.931477 0.000000 -0.363799 0.607808 0.607808 0.607808
1058.308228 0.000000 2227.463623 0.000000 0.982552 0.000000 -0.185986 0.608407 0.608407 0.608407
1073.776245 0.000000 2208.154785 0.000000 0.991027 0.000000 -0.133665 0.606225 0.606225 0.606225
1065.288818 0.000000 2209.901855 0.000000 0.982747 0.000000 -0.184952 0.611146 0.611146 0.611146
1043.423462 0.000000 2209.595947 0.000000 0.524647 0.000000 -0.851320 0.621359 0.621359 0.621359
1080.163086 0.000000 2219.226807 0.000000 0.192171 0.000000 -0.981361 0.655709 0.655709 0.655709
1046.884033 0.000000 2216.008057 0.000000 0.381362 0.000000 -0.924426 0.626503 0.626503 0.626503
1042.627319 0.000000 2217.827393 0.000000 0.107269 0.000000 -0.994230 0.665758 0.665758 0.665758
1044.655273 0.000000 2193.312256 0.000000 0.636478 0.000000 -0.771295 0.621112 0.621112 0.621112
1023.995850 0.000000 2187.956299 0.000000 0.986188 0.000000 -0.165628 0.607976 0.607976 0.607976
1063.105103 0.000000 2224.166748 0.000000 0.437694 0.000000 -0.899124 0.638510 0.638510 0.638510
1031.877197 0.000000 2201.590576 0.000000 0.367693 0.000000 -0.929947 0.664402 0.664402 0.664402
1048.394409 0.000000 2200.782715 0.000000 0.980917 0.000000 -0.194427 0.607621 0.607621 0.607621
1083.022217 0.000000 2226.195068 0.000000 0.749212 0.000000 -0.662331 0.647713 0.647713 0.647713
1039.846191 0.000000 2205.598389 0.000000 0.748115 0.000000 -0.663569 0.646735 0.646735 0.646735
1057.922607 0.000000 2210.487305 0.000000 0.953244 0.000000 -0.302202 0.614256 0.614256 0.614256
1025.509277 0.000000 2229.188477 0.000000 0.154683 0.000000 -0.987964 0.661489 0.661489 0.661489
1071.068237 0.000000 2208.585938 0.000000 0.451644 0.000000 -0.892198 0.667691 0.667691 0.667691
1037.054077 0.000000 2202.534668 0.000000 0.975059 0.000000 -0.221946 0.610393 0.610393 0.610393
1050.825684 0.000000 2199.715576 0.000000 0.076928 0.000000 -0.997037 0.673841 0.673841 0.673841
1037.443726 0.000000 2214.419922 0.000000 0.088400 0.000000 -0.996085 0.682153 0.682153 0.682153
1041.136230 0.000000 2214.437988 0.000000 0.982635 0.000000 -0.185547 0.610064 0.610064 0.610064
1060.628906 0.000000 2226.860596 0.000000 0.994022 0.000000 -0.109179 0.607210 0.607210 0.607210
1110.840698 0.000000 2206.900635 0.000000 0.583284 0.000000 -0.812268 0.666744 0.666744 0.666744
1107.415649 0.000000 2209.595947 0.000000 0.900319 0.000000 -0.435231 0.624957 0.624957 0.624957
1112.697021 0.000000 2209.139893 0.000000 0.193067 0.000000 -0.981185 0.655672 0.655672 0.655672
1046.848511 0.000000 2270.885010 0.000000 0.999046 0.000000 -0.043674 0.600458 0.600458 0.600458
1043.500244 0.000000 2277.672363 0.000000 0.884635 0.000000 -0.466283 0.637058 0.637058 0.637058
1032.131958 0.000000 2282.945557 0.000000 0.632121 0.000000 -0.774869 0.609295 0.609295 0.609295
1046.602539 0.000000 2253.772949 0.000000 0.837613 0.000000 -0.546264 0.607791 0.607791 0.607791
1023.976990 0.000000 2300.524658 0.000000 0.035539 0.000000 -0.999368 0.618398 0.618398 0.618398
1076.326538 0.000000 2264.555664 0.000000 0.430594 0.000000 -0.902546 0.669132 0.669132 0.669132
1037.473145 0.000000 2260.236572 0.000000 0.992490 0.000000 -0.122329 0.601837 0.601837 0.601837
1035.978271 0.000000 2245.059326 0.000000 0.033069 0.000000 -0.999453 0.685226 0.685226 0.685226
1053.444946 0.000000 2263.086426 0.000000 0.645020 0.000000 -0.764166 0.650810 0.650810 0.650810
1074.929077 0.000000 2258.182617 0.000000 0.912740 0.000000 -0.408541 0.619543 0.619543 0.619543
1044.655273 0.000000 2257.296631 0.000000 0.030897 0.000000 -0.999523 0.641520 0.641520 0.641520
1079.492920 0.000000 2266.611816 0.000000 0.994805 0.000000 -0.101797 0.603666 0.603666 0.603666
1040.483521 0.000000 2262.473389 0.000000 0.566237 0.000000 -0.824242 0.642087 0.642087 0.642087
1076.791260 0.000000 2273.266113 0.000000 0.155215 0.000000 -0.987881 0.663585 0.663585 0.663585
1076.088135 0.000000 2261.182373 0.000000 0.971579 0.000000 -0.236715 0.618973 0.618973 0.618973
1039.846191 0.000000 2269.582764 0.000000 0.178483 0.000000 -0.983943 0.704207 0.704207 0.704207
1031.415771 0.000000 2292.061523 0.000000 0.554598 0.000000 -0.832118 0.650060 0.650060 0.650060
1049.385620 0.000000 2269.922119 0.000000 0.957543 0.000000 -0.288292 0.621465 0.621465 0.621465
1074.337280 0.000000 2263.002930 0.000000 0.866883 0.000000 -0.498511 0.639869 0.639869 0.639869
1026.366943 0.000000 2284.920166 0.000000 0.091079 0.000000 -0.995844 0.686437 0.686437 0.686437
1074.533936 0.000000 2274.275879 0.000000 0.749042 0.000000 -0.662523 0.649900 0.649900 0.649900
1038.379761 0.000000 2268.091797 0.000000 0.862360 0.000000 -0.506295 0.639761 0.639761 0.639761
1148.324829 0.000000 2283.262695 0.000000 0.269058 0.000000 -0.963124 0.675850 0.675850 0.675850
1093.119995 0.000000 2277.485352 0.000000 0.097959 0.000000 -0.995190 0.622060 0.622060 0.622060
1145.970093 0.000000 2257.244629 0.000000 0.934432 0.000000 -0.356141 0.608727 0.608727 0.608727
1092.283936 0.000000 2272.470215 0.000000 0.199468 0.000000 -0.979904 0.677981 0.677981 0.677981
1146.224854 0.000000 2262.393799 0.000000 0.951703 0.000000 -0.307021 0.611219 0.611219 0.611219
1140.080322 0.000000 2261.182373 0.000000 0.444122 0.000000 -0.895966 0.684844 0.684844 0.684844
1143.097778 0.000000 2263.234375 0.000000 0.995652 0.000000 -0.093149 0.608803 0.608803 0.608803
1095.881470 0.000000 2276.546387 0.000000 0.571242 0.000000 -0.820782 0.649034 0.649034 0.649034
1093.796631 0.000000 2270.190186 0.000000 0.984963 0.000000 -0.172768 0.611704 0.611704 0.611704
1146.730957 0.000000 2259.797363 0.000000 0.999923 0.000000 -0.012398 0.600650 0.600650 0.600650
1189.207397 0.000000 2272.583496 0.000000 0.422235 0.000000 -0.906486 0.611900 0.611900 0.611900
1163.459839 0.000000 2281.033936 0.000000 0.907206 0.000000 -0.420687 0.615610 0.615610 0.615610
1181.955078 0.000000 2279.025635 0.000000 0.861749 0.000000 -0.507334 0.614347 0.614347 0.614347
1163.642822 0.000000 2272.620605 0.000000 0.357742 0.000000 -0.933821 0.664977 0.664977 0.664977
1157.128052 0.000000 2281.127441 0.000000 0.808614 0.000000 -0.588340 0.635804 0.635804 0.635804
1190.033447 0.000000 2241.967041 0.000000 0.977207 0.000000 -0.212291 0.608331 0.608331 0.608331
1184.804443 0.000000 2277.370850 0.000000 0.915845 0.000000 -0.401533 0.617330 0.617330 0.617330
1182.252197 0.000000 2270.773682 0.000000 0.524740 0.000000 -0.851263 0.659493 0.659493 0.659493
1165.028931 0.000000 2275.056152 0.000000 0.905281 0.000000 -0.424814 0.646663 0.646663 0.646663
1156.543945 0.000000 2283.974121 0.000000 0.956540 0.000000 -0.291602 0.613740 0.613740 0.613740
1187.399536 0.000000 2270.696777 0.000000 0.984125 0.000000 -0.177475 0.609354 0.609354 0.609354
1162.254639 0.000000 2274.916992 0.000000 0.981650 0.000000 -0.190692 0.614945 0.614945 0.614945
1154.351318 0.000000 2284.920166 0.000000 0.980715 0.000000 -0.195444 0.614438 0.614438 0.614438
1165.666382 0.000000 2270.971924 0.000000 0.423363 0.000000 -0.905960 0.686604 0.686604 0.686604
1179.624634 0.000000 2278.915283 0.000000 0.983540 0.000000 -0.180692 0.615241 0.615241 0.615241
1162.464966 0.000000 2279.227539 0.000000 0.184685 0.000000 -0.982798 0.745229 0.745229 0.745229
1159.352539 0.000000 2281.120361 0.000000 0.996111 0.000000 -0.088111 0.607665 0.607665 0.607665
1178.176147 0.000000 2274.429688 0.000000 0.761997 0.000000 -0.647580 0.669640 0.669640 0.669640
1165.512695 0.000000 2273.052979 0.000000 0.329587 0.000000 -0.944125 0.722089 0.722089 0.722089
1048.890259 0.000000 2325.769775 0.000000 0.997315 0.000000 -0.073233 0.603623 0.603623 0.603623
1052.647583 0.000000 2318.748291 0.000000 0.972217 0.000000 -0.234080 0.602124 0.602124 0.602124
1053.500732 0.000000 2322.851562 0.000000 0.827269 0.000000 -0.561806 0.613404 0.613404 0.613404
1051.605469 0.000000 2324.856689 0.000000 0.279373 0.000000 -0.960183 0.663651 0.663651 0.663651
1026.647705 0.000000 2321.575195 0.000000 0.036580 0.000000 -0.999331 0.696522 0.696522 0.696522
"}
