object={
	name="tree_leaf_high_generator_2_0"
	clamp_to_water_level=no
	render_under_water=no
	generated_content=yes
	layer="tree_high_layer"
	pdxmesh="tree_leaf_01_b_mesh"
	count=440
	transform="864.593506 0.000000 2245.498291 0.000000 0.292293 0.000000 0.956329 0.380914 0.380914 0.380914
942.028320 0.000000 2205.755127 0.000000 0.760808 0.000000 0.648977 0.397179 0.397179 0.397179
948.564148 0.000000 2221.788086 0.000000 0.044858 0.000000 -0.998993 0.409143 0.409143 0.409143
921.086731 0.000000 2235.553467 0.000000 0.833350 0.000000 -0.552745 0.409650 0.409650 0.409650
948.399597 0.000000 2226.014404 0.000000 0.938366 0.000000 0.345643 0.392775 0.392775 0.392775
958.200928 0.000000 2215.614014 0.000000 0.441678 0.000000 0.897174 0.381655 0.381655 0.381655
937.583801 0.000000 2231.028809 0.000000 0.749020 0.000000 0.662548 0.384812 0.384812 0.384812
928.094055 0.000000 2239.218018 0.000000 0.388030 0.000000 0.921647 0.369562 0.369562 0.369562
943.598877 0.000000 2237.669922 0.000000 0.226785 0.000000 0.973945 0.362475 0.362475 0.362475
948.257935 0.000000 2233.284424 0.000000 0.264513 0.000000 -0.964382 0.440991 0.440991 0.440991
943.770447 0.000000 2234.093994 0.000000 0.167756 0.000000 0.985829 0.353790 0.353790 0.353790
994.133728 0.000000 2236.621826 0.000000 0.176458 0.000000 0.984308 0.388172 0.388172 0.388172
1023.241577 0.000000 2231.538574 0.000000 0.017333 0.000000 -0.999850 0.420167 0.420167 0.420167
959.916870 0.000000 2214.270020 0.000000 0.960707 0.000000 -0.277563 0.404634 0.404634 0.404634
1005.303650 0.000000 2201.338867 0.000000 0.228885 0.000000 0.973453 0.375916 0.375916 0.375916
1023.471924 0.000000 2222.319092 0.000000 0.852767 0.000000 -0.522292 0.408780 0.408780 0.408780
1021.664062 0.000000 2191.934814 0.000000 0.705595 0.000000 -0.708616 0.415729 0.415729 0.415729
985.078918 0.000000 2235.553467 0.000000 0.889350 0.000000 0.457227 0.390516 0.390516 0.390516
960.090332 0.000000 2221.904053 0.000000 0.646865 0.000000 0.762604 0.380079 0.380079 0.380079
980.663086 0.000000 2193.312256 0.000000 0.106720 0.000000 0.994289 0.359799 0.359799 0.359799
994.790466 0.000000 2231.165527 0.000000 0.540008 0.000000 0.841660 0.376524 0.376524 0.376524
1007.591064 0.000000 2237.669922 0.000000 0.993616 0.000000 -0.112813 0.402879 0.402879 0.402879
1012.250122 0.000000 2233.284424 0.000000 0.090355 0.000000 0.995910 0.363043 0.363043 0.363043
982.870667 0.000000 2195.506348 0.000000 0.507256 0.000000 -0.861795 0.438382 0.438382 0.438382
1003.193970 0.000000 2235.956299 0.000000 0.874426 0.000000 0.485159 0.357256 0.357256 0.357256
1018.746460 0.000000 2195.812988 0.000000 0.968653 0.000000 0.248419 0.387214 0.387214 0.387214
1013.556702 0.000000 2193.878174 0.000000 0.240121 0.000000 -0.970743 0.458365 0.458365 0.458365
1016.743469 0.000000 2230.329102 0.000000 0.828094 0.000000 0.560590 0.368503 0.368503 0.368503
1014.066101 0.000000 2227.815430 0.000000 0.993997 0.000000 -0.109403 0.405583 0.405583 0.405583
1007.145386 0.000000 2225.931641 0.000000 0.595131 0.000000 -0.803629 0.450332 0.450332 0.450332
1003.053040 0.000000 2229.084717 0.000000 0.981479 0.000000 -0.191572 0.412127 0.412127 0.412127
1002.836121 0.000000 2232.837646 0.000000 0.912459 0.000000 0.409168 0.373690 0.373690 0.373690
1018.640808 0.000000 2228.389404 0.000000 0.999966 0.000000 0.008282 0.399409 0.399409 0.399409
1011.688049 0.000000 2237.501953 0.000000 0.527764 0.000000 0.849391 0.343248 0.343248 0.343248
957.320374 0.000000 2260.276855 0.000000 0.256033 0.000000 -0.966668 0.409170 0.409170 0.409170
940.837341 0.000000 2297.674805 0.000000 0.967783 0.000000 0.251787 0.397204 0.397204 0.397204
933.317688 0.000000 2245.197266 0.000000 0.525245 0.000000 -0.850951 0.412197 0.412197 0.412197
909.488770 0.000000 2260.236572 0.000000 0.836310 0.000000 0.548256 0.391887 0.391887 0.391887
920.179932 0.000000 2249.376709 0.000000 0.401795 0.000000 0.915730 0.380931 0.380931 0.380931
937.583801 0.000000 2295.013184 0.000000 0.936640 0.000000 -0.350294 0.406076 0.406076 0.406076
959.076538 0.000000 2246.355957 0.000000 0.835982 0.000000 0.548756 0.384338 0.384338 0.384338
935.120728 0.000000 2288.151123 0.000000 0.445246 0.000000 0.895408 0.372859 0.372859 0.372859
938.247742 0.000000 2290.977783 0.000000 0.608990 0.000000 0.793178 0.377589 0.377589 0.377589
954.870789 0.000000 2250.006348 0.000000 0.991679 0.000000 -0.128739 0.403739 0.403739 0.403739
954.445129 0.000000 2297.881348 0.000000 0.971082 0.000000 -0.238747 0.407583 0.407583 0.407583
936.366577 0.000000 2262.134521 0.000000 0.063189 0.000000 -0.998002 0.451939 0.451939 0.451939
941.736755 0.000000 2260.011719 0.000000 0.083903 0.000000 -0.996474 0.460132 0.460132 0.460132
929.773865 0.000000 2257.487793 0.000000 0.996323 0.000000 -0.085674 0.403641 0.403641 0.403641
938.797546 0.000000 2264.070068 0.000000 0.484364 0.000000 0.874866 0.359580 0.359580 0.359580
950.481262 0.000000 2281.213135 0.000000 0.565835 0.000000 -0.824519 0.450821 0.450821 0.450821
942.987671 0.000000 2267.275635 0.000000 0.235167 0.000000 -0.971955 0.469241 0.469241 0.469241
935.458984 0.000000 2267.513916 0.000000 0.731258 0.000000 -0.682101 0.444226 0.444226 0.444226
949.134277 0.000000 2283.306396 0.000000 0.502742 0.000000 -0.864437 0.460470 0.460470 0.460470
939.487549 0.000000 2270.101074 0.000000 0.485261 0.000000 -0.874370 0.455259 0.455259 0.455259
946.987244 0.000000 2269.992676 0.000000 0.620720 0.000000 0.784032 0.351406 0.351406 0.351406
944.409851 0.000000 2270.029297 0.000000 0.948636 0.000000 -0.316369 0.418805 0.418805 0.418805
959.790649 0.000000 2275.811279 0.000000 0.513828 0.000000 -0.857894 0.449427 0.449427 0.449427
940.531616 0.000000 2267.861572 0.000000 0.999797 0.000000 -0.020154 0.400966 0.400966 0.400966
946.549561 0.000000 2274.275879 0.000000 0.244382 0.000000 -0.969679 0.473376 0.473376 0.473376
951.869507 0.000000 2257.869141 0.000000 0.242922 0.000000 -0.970046 0.482724 0.482724 0.482724
951.616760 0.000000 2269.580322 0.000000 0.892498 0.000000 -0.451051 0.426402 0.426402 0.426402
931.435425 0.000000 2267.112793 0.000000 0.808977 0.000000 -0.587840 0.439534 0.439534 0.439534
954.287598 0.000000 2299.954590 0.000000 0.138238 0.000000 -0.990399 0.490099 0.490099 0.490099
989.508545 0.000000 2258.867188 0.000000 0.648406 0.000000 -0.761294 0.419010 0.419010 0.419010
964.299561 0.000000 2272.470215 0.000000 0.961920 0.000000 -0.273329 0.405806 0.405806 0.405806
959.907471 0.000000 2246.136963 0.000000 0.335747 0.000000 0.941952 0.366879 0.366879 0.366879
1008.939636 0.000000 2245.205078 0.000000 0.189398 0.000000 0.981900 0.354515 0.354515 0.354515
967.135864 0.000000 2300.749756 0.000000 0.331582 0.000000 -0.943426 0.433856 0.433856 0.433856
965.627991 0.000000 2274.833740 0.000000 0.292726 0.000000 0.956196 0.351665 0.351665 0.351665
987.279236 0.000000 2239.573975 0.000000 0.671707 0.000000 0.740817 0.362509 0.362509 0.362509
961.639038 0.000000 2302.514404 0.000000 0.545159 0.000000 -0.838333 0.456096 0.456096 0.456096
962.912170 0.000000 2274.127197 0.000000 0.939285 0.000000 0.343139 0.377090 0.377090 0.377090
920.905884 0.000000 2325.769775 0.000000 0.971659 0.000000 -0.236389 0.400834 0.400834 0.400834
921.297729 0.000000 2340.168213 0.000000 0.561893 0.000000 -0.827210 0.409241 0.409241 0.409241
925.460571 0.000000 2327.070801 0.000000 0.803657 0.000000 0.595093 0.389498 0.389498 0.389498
946.944763 0.000000 2322.166992 0.000000 0.684572 0.000000 0.728946 0.383279 0.383279 0.383279
915.439087 0.000000 2337.564697 0.000000 0.365691 0.000000 -0.930736 0.419714 0.419714 0.419714
945.496887 0.000000 2319.735107 0.000000 0.888689 0.000000 0.458510 0.384303 0.384303 0.384303
990.816589 0.000000 2331.696777 0.000000 0.852348 0.000000 0.522976 0.397252 0.397252 0.397252
972.391052 0.000000 2356.326904 0.000000 0.459768 0.000000 -0.888039 0.428380 0.428380 0.428380
965.770569 0.000000 2311.332764 0.000000 0.872550 0.000000 -0.488525 0.416055 0.416055 0.416055
974.290222 0.000000 2305.005615 0.000000 0.909983 0.000000 0.414647 0.389112 0.389112 0.389112
972.368652 0.000000 2312.304932 0.000000 0.899895 0.000000 0.436106 0.383551 0.383551 0.383551
1007.762634 0.000000 2362.062744 0.000000 0.969690 0.000000 -0.244337 0.407148 0.407148 0.407148
971.761902 0.000000 2315.721924 0.000000 0.724302 0.000000 -0.689482 0.430009 0.430009 0.430009
988.192688 0.000000 2338.153564 0.000000 0.560740 0.000000 0.827992 0.347395 0.347395 0.347395
1005.782532 0.000000 2363.944336 0.000000 0.273059 0.000000 -0.961997 0.479485 0.479485 0.479485
964.415894 0.000000 2307.220703 0.000000 0.349881 0.000000 0.936794 0.341234 0.341234 0.341234
989.398438 0.000000 2345.360107 0.000000 0.992698 0.000000 0.120625 0.393177 0.393177 0.393177
962.172668 0.000000 2335.364502 0.000000 0.353655 0.000000 -0.935376 0.468232 0.468232 0.468232
967.393677 0.000000 2312.910156 0.000000 0.172846 0.000000 0.984949 0.319779 0.319779 0.319779
1002.836121 0.000000 2360.806396 0.000000 0.790285 0.000000 0.612739 0.361471 0.361471 0.361471
962.448120 0.000000 2306.356445 0.000000 0.446809 0.000000 -0.894630 0.470236 0.470236 0.470236
975.087402 0.000000 2361.120117 0.000000 0.568356 0.000000 0.822783 0.344998 0.344998 0.344998
993.930420 0.000000 2402.440430 0.000000 0.915054 0.000000 -0.403332 0.415754 0.415754 0.415754
1003.825439 0.000000 2370.132080 0.000000 0.042743 0.000000 0.999086 0.328281 0.328281 0.328281
997.359802 0.000000 2368.062744 0.000000 0.977694 0.000000 -0.210034 0.413207 0.413207 0.413207
969.143738 0.000000 2486.232910 0.000000 0.674397 0.000000 -0.738369 0.416175 0.416175 0.416175
988.590332 0.000000 2457.707275 0.000000 0.539221 0.000000 0.842165 0.364004 0.364004 0.364004
996.034485 0.000000 2450.763916 0.000000 0.237362 0.000000 -0.971421 0.457825 0.457825 0.457825
970.766113 0.000000 2488.478271 0.000000 0.736396 0.000000 -0.676551 0.441925 0.441925 0.441925
995.095276 0.000000 2454.422119 0.000000 0.711200 0.000000 0.702989 0.363021 0.363021 0.363021
992.678711 0.000000 2458.080811 0.000000 0.253569 0.000000 0.967317 0.329119 0.329119 0.329119
990.027161 0.000000 2500.044678 0.000000 0.888743 0.000000 -0.458406 0.419735 0.419735 0.419735
988.850769 0.000000 2505.494141 0.000000 0.726173 0.000000 0.687512 0.360257 0.360257 0.360257
990.594360 0.000000 2509.211914 0.000000 0.443421 0.000000 -0.896314 0.456602 0.456602 0.456602
1060.026978 0.000000 2160.458740 0.000000 0.940625 0.000000 0.339446 0.390143 0.390143 0.390143
1044.663696 0.000000 2162.652344 0.000000 0.877946 0.000000 -0.478759 0.417449 0.417449 0.417449
1043.999512 0.000000 2167.950195 0.000000 0.697995 0.000000 0.716103 0.364529 0.364529 0.364529
1057.425293 0.000000 2161.064697 0.000000 0.383172 0.000000 0.923677 0.302985 0.302985 0.302985
1041.499146 0.000000 2158.793701 0.000000 0.998424 0.000000 0.056126 0.396243 0.396243 0.396243
1057.364990 0.000000 2165.453125 0.000000 0.928677 0.000000 0.370890 0.373629 0.373629 0.373629
1063.417358 0.000000 2167.339355 0.000000 0.962031 0.000000 0.272939 0.382056 0.382056 0.382056
1045.033813 0.000000 2158.035156 0.000000 0.995407 0.000000 -0.095734 0.406176 0.406176 0.406176
1033.550293 0.000000 2185.714111 0.000000 0.343335 0.000000 -0.939213 0.404265 0.404265 0.404265
1059.397705 0.000000 2186.613525 0.000000 0.922812 0.000000 -0.385250 0.402370 0.402370 0.402370
1026.192505 0.000000 2184.930664 0.000000 0.034871 0.000000 -0.999392 0.411503 0.411503 0.411503
1023.976990 0.000000 2236.540283 0.000000 0.091068 0.000000 0.995845 0.387441 0.387441 0.387441
1028.786499 0.000000 2228.889648 0.000000 0.547752 0.000000 0.836640 0.388123 0.388123 0.388123
1025.175049 0.000000 2232.014648 0.000000 0.957409 0.000000 0.288734 0.395613 0.395613 0.395613
1074.929077 0.000000 2194.198242 0.000000 0.844344 0.000000 -0.535802 0.409035 0.409035 0.409035
1061.161865 0.000000 2204.508545 0.000000 0.397027 0.000000 0.917807 0.376782 0.376782 0.376782
1029.862915 0.000000 2186.640869 0.000000 0.809259 0.000000 -0.587452 0.412541 0.412541 0.412541
1029.363403 0.000000 2193.791016 0.000000 0.978753 0.000000 -0.205045 0.404124 0.404124 0.404124
1066.232178 0.000000 2226.993408 0.000000 0.461761 0.000000 -0.887004 0.425054 0.425054 0.425054
1067.584351 0.000000 2194.145752 0.000000 0.031138 0.000000 -0.999515 0.440744 0.440744 0.440744
1037.793091 0.000000 2193.053467 0.000000 0.472014 0.000000 -0.881591 0.432332 0.432332 0.432332
1045.252563 0.000000 2187.094482 0.000000 0.835178 0.000000 0.549979 0.378774 0.378774 0.378774
1042.712280 0.000000 2200.359619 0.000000 0.905229 0.000000 0.424923 0.384441 0.384441 0.384441
1049.678833 0.000000 2190.002441 0.000000 0.789738 0.000000 0.613444 0.373620 0.373620 0.373620
1054.267700 0.000000 2206.789307 0.000000 0.252732 0.000000 -0.967536 0.445315 0.445315 0.445315
1052.582520 0.000000 2201.769775 0.000000 0.828444 0.000000 -0.560072 0.423746 0.423746 0.423746
1035.092285 0.000000 2197.726074 0.000000 0.285319 0.000000 -0.958433 0.451188 0.451188 0.451188
1057.758301 0.000000 2193.503418 0.000000 0.981201 0.000000 -0.192990 0.407758 0.407758 0.407758
1062.846924 0.000000 2193.317627 0.000000 0.904443 0.000000 -0.426594 0.417164 0.417164 0.417164
1035.271606 0.000000 2194.264160 0.000000 0.193947 0.000000 0.981012 0.345051 0.345051 0.345051
1051.605469 0.000000 2196.887939 0.000000 0.759224 0.000000 0.650830 0.371692 0.371692 0.371692
1052.221558 0.000000 2204.997559 0.000000 0.439262 0.000000 -0.898359 0.444579 0.444579 0.444579
1049.385620 0.000000 2205.937744 0.000000 0.982528 0.000000 -0.186117 0.407011 0.407011 0.407011
1054.598022 0.000000 2192.614258 0.000000 0.663552 0.000000 -0.748130 0.433763 0.433763 0.433763
1054.992188 0.000000 2196.930908 0.000000 0.985755 0.000000 0.168190 0.393250 0.393250 0.393250
1037.302612 0.000000 2295.901123 0.000000 0.844601 0.000000 -0.535396 0.402821 0.402821 0.402821
1034.236816 0.000000 2301.151123 0.000000 0.497972 0.000000 0.867193 0.388995 0.388995 0.388995
1028.132446 0.000000 2286.814209 0.000000 0.999798 0.000000 -0.020118 0.400251 0.400251 0.400251
1024.082520 0.000000 2285.888428 0.000000 0.419686 0.000000 0.907669 0.375573 0.375573 0.375573
1032.780884 0.000000 2298.099854 0.000000 0.999984 0.000000 0.005684 0.399844 0.399844 0.399844
1029.283813 0.000000 2289.746338 0.000000 0.265564 0.000000 0.964093 0.360994 0.360994 0.360994
1042.712280 0.000000 2264.343994 0.000000 0.977730 0.000000 -0.209866 0.408763 0.408763 0.408763
1025.509277 0.000000 2293.172852 0.000000 0.246989 0.000000 -0.969018 0.443540 0.443540 0.443540
1046.997681 0.000000 2256.241699 0.000000 0.733047 0.000000 -0.680178 0.435108 0.435108 0.435108
1047.263306 0.000000 2277.747559 0.000000 0.969328 0.000000 -0.245773 0.414135 0.414135 0.414135
1045.064453 0.000000 2268.854248 0.000000 0.901243 0.000000 -0.433315 0.432447 0.432447 0.432447
1049.594849 0.000000 2259.692139 0.000000 0.328591 0.000000 0.944472 0.310515 0.310515 0.310515
1107.492554 0.000000 2277.672363 0.000000 0.751170 0.000000 0.660109 0.394960 0.394960 0.394960
1099.725098 0.000000 2254.881836 0.000000 0.198132 0.000000 0.980175 0.384251 0.384251 0.384251
1106.619629 0.000000 2281.811768 0.000000 0.967887 0.000000 0.251387 0.393783 0.393783 0.393783
1101.910034 0.000000 2264.016113 0.000000 0.999021 0.000000 -0.044239 0.401768 0.401768 0.401768
1103.838501 0.000000 2269.582764 0.000000 0.669179 0.000000 0.743101 0.373649 0.373649 0.373649
1101.046387 0.000000 2266.519043 0.000000 0.302747 0.000000 0.953071 0.333772 0.333772 0.333772
1101.435913 0.000000 2278.404297 0.000000 0.859486 0.000000 0.511159 0.367317 0.367317 0.367317
1270.221436 0.000000 2230.243896 0.000000 0.594999 0.000000 -0.803727 0.432629 0.432629 0.432629
1270.442261 0.000000 2217.228760 0.000000 0.415230 0.000000 -0.909717 0.456481 0.456481 0.456481
1270.995972 0.000000 2221.496582 0.000000 0.959921 0.000000 -0.280269 0.414468 0.414468 0.414468
1275.649414 0.000000 2238.634277 0.000000 0.915979 0.000000 0.401227 0.380416 0.380416 0.380416
1272.712280 0.000000 2230.329102 0.000000 0.990066 0.000000 -0.140606 0.410848 0.410848 0.410848
1276.505737 0.000000 2198.687744 0.000000 0.923126 0.000000 0.384497 0.370047 0.370047 0.370047
1152.067017 0.000000 2285.888428 0.000000 0.175019 0.000000 0.984565 0.365873 0.365873 0.365873
1180.153320 0.000000 2276.784424 0.000000 0.676503 0.000000 -0.736440 0.427693 0.427693 0.427693
1296.284668 0.000000 2220.826904 0.000000 0.265099 0.000000 0.964221 0.253022 0.253022 0.253022
1288.405029 0.000000 2225.336914 0.000000 0.997529 0.000000 0.070260 0.391749 0.391749 0.391749
1295.427002 0.000000 2208.417725 0.000000 0.989685 0.000000 0.143258 0.383778 0.383778 0.383778
1316.132812 0.000000 2192.018799 0.000000 0.967957 0.000000 -0.251118 0.403169 0.403169 0.403169
1326.416748 0.000000 2192.799561 0.000000 0.111210 0.000000 0.993797 0.383241 0.383241 0.383241
1310.570190 0.000000 2219.662842 0.000000 0.975438 0.000000 -0.220274 0.403770 0.403770 0.403770
1328.017822 0.000000 2214.917480 0.000000 0.144641 0.000000 -0.989484 0.422779 0.422779 0.422779
1298.792969 0.000000 2205.311523 0.000000 0.042438 0.000000 -0.999099 0.569412 0.569412 0.569412
1313.588867 0.000000 2222.421875 0.000000 0.244863 0.000000 0.969558 0.372247 0.372247 0.372247
1313.852173 0.000000 2204.635742 0.000000 0.926353 0.000000 -0.376657 0.439529 0.439529 0.439529
1323.553101 0.000000 2194.145752 0.000000 0.657721 0.000000 0.753262 0.369334 0.369334 0.369334
1333.478394 0.000000 2214.721436 0.000000 0.999994 0.000000 0.003524 0.399879 0.399879 0.399879
1279.915283 0.000000 2194.046143 0.000000 0.959240 0.000000 -0.282594 0.407868 0.407868 0.407868
1285.899292 0.000000 2196.909180 0.000000 0.997720 0.000000 0.067487 0.397235 0.397235 0.397235
1293.886597 0.000000 2200.031738 0.000000 0.711799 0.000000 0.702383 0.371615 0.371615 0.371615
1295.815063 0.000000 2205.598389 0.000000 0.784967 0.000000 0.619538 0.341951 0.341951 0.341951
1287.858032 0.000000 2212.562012 0.000000 0.984688 0.000000 0.174323 0.384690 0.384690 0.384690
1313.891357 0.000000 2210.487305 0.000000 0.181676 0.000000 -0.983359 0.447824 0.447824 0.447824
1304.228760 0.000000 2218.478027 0.000000 0.147090 0.000000 0.989123 0.268538 0.268538 0.268538
1320.319702 0.000000 2198.150146 0.000000 0.987984 0.000000 -0.154556 0.414102 0.414102 0.414102
1290.361084 0.000000 2203.305420 0.000000 0.449842 0.000000 -0.893108 0.456237 0.456237 0.456237
1321.021240 0.000000 2195.410889 0.000000 0.237212 0.000000 -0.971458 0.446531 0.446531 0.446531
1307.574341 0.000000 2196.887939 0.000000 0.999962 0.000000 -0.008707 0.400430 0.400430 0.400430
1305.369751 0.000000 2214.949951 0.000000 0.970181 0.000000 0.242381 0.389610 0.389610 0.389610
1343.823242 0.000000 2197.338135 0.000000 0.940948 0.000000 -0.338550 0.413279 0.413279 0.413279
1308.118652 0.000000 2230.489014 0.000000 0.240834 0.000000 0.970566 0.280684 0.280684 0.280684
1328.231567 0.000000 2194.786377 0.000000 0.907822 0.000000 -0.419356 0.423336 0.423336 0.423336
1309.020264 0.000000 2221.772217 0.000000 0.619631 0.000000 -0.784893 0.467145 0.467145 0.467145
1308.153687 0.000000 2210.184814 0.000000 0.551012 0.000000 0.834497 0.359580 0.359580 0.359580
1338.707520 0.000000 2195.812988 0.000000 0.068996 0.000000 0.997617 0.338513 0.338513 0.338513
1315.383911 0.000000 2206.712402 0.000000 0.720692 0.000000 0.693255 0.338422 0.338422 0.338422
1290.239014 0.000000 2210.932617 0.000000 0.453693 0.000000 0.891158 0.310483 0.310483 0.310483
1310.960938 0.000000 2196.930908 0.000000 0.994461 0.000000 0.105102 0.394112 0.394112 0.394112
1315.056274 0.000000 2198.484619 0.000000 0.894253 0.000000 0.447562 0.362928 0.362928 0.362928
1318.640747 0.000000 2206.543701 0.000000 0.285621 0.000000 -0.958342 0.504909 0.504909 0.504909
1308.020630 0.000000 2219.469971 0.000000 0.995501 0.000000 -0.094751 0.403980 0.403980 0.403980
1289.435913 0.000000 2220.867920 0.000000 0.992734 0.000000 -0.120331 0.406987 0.406987 0.406987
1303.232056 0.000000 2213.763184 0.000000 0.276991 0.000000 0.960873 0.333006 0.333006 0.333006
1333.832275 0.000000 2212.473389 0.000000 0.773765 0.000000 0.633473 0.356155 0.356155 0.356155
1310.842285 0.000000 2209.018311 0.000000 0.883314 0.000000 -0.468781 0.429234 0.429234 0.429234
1310.288574 0.000000 2226.386230 0.000000 0.885089 0.000000 -0.465421 0.437708 0.437708 0.437708
1319.376465 0.000000 2208.770264 0.000000 0.974422 0.000000 -0.224725 0.413128 0.413128 0.413128
1280.629517 0.000000 2197.487549 0.000000 0.486420 0.000000 0.873725 0.335258 0.335258 0.335258
1290.449341 0.000000 2215.243164 0.000000 0.223443 0.000000 -0.974717 0.492708 0.492708 0.492708
1381.040771 0.000000 2221.386475 0.000000 0.359431 0.000000 0.933172 0.398799 0.398799 0.398799
1381.183960 0.000000 2208.599121 0.000000 0.107997 0.000000 -0.994151 0.570156 0.570156 0.570156
1389.973755 0.000000 2205.755127 0.000000 0.251869 0.000000 0.967761 0.250162 0.250162 0.250162
1374.551758 0.000000 2211.277588 0.000000 0.588834 0.000000 0.808254 0.291914 0.291914 0.291914
1373.406006 0.000000 2199.102051 0.000000 0.689335 0.000000 0.724442 0.387459 0.387459 0.387459
1392.010010 0.000000 2214.917480 0.000000 0.512799 0.000000 0.858509 0.379897 0.379897 0.379897
1399.613525 0.000000 2210.760010 0.000000 0.544043 0.000000 0.839057 0.379619 0.379619 0.379619
1381.118164 0.000000 2217.748047 0.000000 0.993293 0.000000 0.115628 0.396875 0.396875 0.396875
1346.644165 0.000000 2215.410889 0.000000 0.909682 0.000000 0.415306 0.358300 0.358300 0.358300
1349.891479 0.000000 2196.909180 0.000000 0.577999 0.000000 -0.816038 0.428596 0.428596 0.428596
1381.456299 0.000000 2199.067139 0.000000 0.854137 0.000000 0.520048 0.377881 0.377881 0.377881
1366.081299 0.000000 2198.670410 0.000000 0.309463 0.000000 0.950911 0.357976 0.357976 0.357976
1372.543579 0.000000 2201.769775 0.000000 0.755231 0.000000 0.655458 0.373232 0.373232 0.373232
1384.311890 0.000000 2198.150146 0.000000 0.413322 0.000000 -0.910585 0.451440 0.451440 0.451440
1355.053223 0.000000 2197.726074 0.000000 0.240306 0.000000 0.970697 0.355570 0.355570 0.355570
1399.361450 0.000000 2207.874268 0.000000 0.781999 0.000000 -0.623280 0.425536 0.425536 0.425536
1391.029175 0.000000 2208.585938 0.000000 0.402048 0.000000 -0.915618 0.505723 0.505723 0.505723
1372.182617 0.000000 2204.997559 0.000000 0.200151 0.000000 -0.979765 0.508708 0.508708 0.508708
1369.346680 0.000000 2205.937744 0.000000 0.906412 0.000000 -0.422394 0.435492 0.435492 0.435492
1380.297729 0.000000 2215.215088 0.000000 0.471170 0.000000 0.882042 0.346066 0.346066 0.346066
1373.012451 0.000000 2221.772217 0.000000 0.312610 0.000000 0.949881 0.349955 0.349955 0.349955
1396.036621 0.000000 2203.166016 0.000000 0.994047 0.000000 -0.108954 0.405887 0.405887 0.405887
1389.194092 0.000000 2198.738770 0.000000 0.825032 0.000000 -0.565087 0.427886 0.427886 0.427886
1344.044800 0.000000 2216.742432 0.000000 0.804424 0.000000 0.594056 0.370145 0.370145 0.370145
1381.227173 0.000000 2202.007568 0.000000 0.990494 0.000000 0.137555 0.388287 0.388287 0.388287
1394.932617 0.000000 2206.008301 0.000000 0.577168 0.000000 -0.816625 0.478246 0.478246 0.478246
1376.631958 0.000000 2202.143311 0.000000 0.376479 0.000000 0.926425 0.317178 0.317178 0.317178
1373.351562 0.000000 2217.391357 0.000000 0.182488 0.000000 0.983208 0.285015 0.285015 0.285015
1375.645874 0.000000 2217.690430 0.000000 0.323551 0.000000 -0.946211 0.487392 0.487392 0.487392
1394.494995 0.000000 2210.291504 0.000000 0.993159 0.000000 0.116768 0.393747 0.393747 0.393747
1354.808105 0.000000 2219.143555 0.000000 0.987874 0.000000 -0.155258 0.408951 0.408951 0.408951
1394.311768 0.000000 2201.650635 0.000000 0.754897 0.000000 -0.655843 0.440716 0.440716 0.440716
1381.908081 0.000000 2213.631592 0.000000 0.278870 0.000000 -0.960329 0.492621 0.492621 0.492621
1369.926147 0.000000 2219.656738 0.000000 0.998118 0.000000 0.061325 0.395956 0.395956 0.395956
1351.329102 0.000000 2217.135986 0.000000 0.968925 0.000000 0.247356 0.384025 0.384025 0.384025
1291.947144 0.000000 2245.059326 0.000000 0.807871 0.000000 -0.589359 0.409441 0.409441 0.409441
1283.124634 0.000000 2245.324463 0.000000 0.798841 0.000000 0.601543 0.386465 0.386465 0.386465
1284.376831 0.000000 2243.236328 0.000000 0.899650 0.000000 0.436611 0.368190 0.368190 0.368190
1282.409058 0.000000 2242.372070 0.000000 0.712489 0.000000 -0.701683 0.452426 0.452426 0.452426
1046.358276 0.000000 2366.145020 0.000000 0.990994 0.000000 0.133904 0.396781 0.396781 0.396781
1042.627319 0.000000 2345.796143 0.000000 0.713363 0.000000 -0.700795 0.413958 0.413958 0.413958
1031.958862 0.000000 2304.775391 0.000000 0.057002 0.000000 0.998374 0.365987 0.365987 0.365987
1046.093384 0.000000 2339.705566 0.000000 0.497695 0.000000 0.867352 0.369596 0.369596 0.369596
1050.820923 0.000000 2352.938721 0.000000 0.059181 0.000000 -0.998247 0.448304 0.448304 0.448304
1039.333862 0.000000 2357.556152 0.000000 0.802604 0.000000 0.596512 0.384043 0.384043 0.384043
1043.348022 0.000000 2365.283203 0.000000 0.689437 0.000000 -0.724345 0.428314 0.428314 0.428314
1040.886108 0.000000 2353.020020 0.000000 0.534371 0.000000 -0.845250 0.428158 0.428158 0.428158
1044.663696 0.000000 2354.605469 0.000000 0.074924 0.000000 -0.997189 0.453775 0.453775 0.453775
1046.957397 0.000000 2350.911133 0.000000 0.276669 0.000000 0.960965 0.344586 0.344586 0.344586
1049.543091 0.000000 2356.128662 0.000000 0.836445 0.000000 0.548051 0.380017 0.380017 0.380017
1048.260010 0.000000 2346.446777 0.000000 0.196338 0.000000 -0.980536 0.449366 0.449366 0.449366
1043.999512 0.000000 2359.903320 0.000000 0.990508 0.000000 -0.137457 0.405370 0.405370 0.405370
1044.238770 0.000000 2371.052490 0.000000 0.013462 0.000000 0.999909 0.361898 0.361898 0.361898
1042.615479 0.000000 2373.464844 0.000000 0.942715 0.000000 -0.333598 0.411208 0.411208 0.411208
1754.758789 0.000000 2665.164795 0.000000 0.445823 0.000000 -0.895121 0.403322 0.403322 0.403322
1770.996460 0.000000 2645.139160 0.000000 0.999294 0.000000 -0.037581 0.400450 0.400450 0.400450
1790.099365 0.000000 2663.504639 0.000000 0.539185 0.000000 -0.842188 0.418999 0.418999 0.418999
1777.488525 0.000000 2651.742920 0.000000 0.378690 0.000000 0.925524 0.372842 0.372842 0.372842
1786.146729 0.000000 2646.300049 0.000000 0.916766 0.000000 -0.399424 0.410258 0.410258 0.410258
1790.448242 0.000000 2647.675049 0.000000 0.996906 0.000000 -0.078608 0.401965 0.401965 0.401965
1776.310547 0.000000 2659.199707 0.000000 0.554648 0.000000 -0.832085 0.424538 0.424538 0.424538
1769.031128 0.000000 2682.291748 0.000000 0.931092 0.000000 0.364784 0.391237 0.391237 0.391237
1772.153809 0.000000 2656.431641 0.000000 0.773879 0.000000 -0.633334 0.416438 0.416438 0.416438
1776.329468 0.000000 2648.515869 0.000000 0.052842 0.000000 -0.998603 0.437896 0.437896 0.437896
1773.176147 0.000000 2669.753418 0.000000 0.361400 0.000000 -0.932411 0.432383 0.432383 0.432383
1789.376221 0.000000 2656.441650 0.000000 0.383259 0.000000 -0.923641 0.439391 0.439391 0.439391
1759.308228 0.000000 2676.323975 0.000000 0.326034 0.000000 -0.945358 0.436491 0.436491 0.436491
1775.339111 0.000000 2688.771973 0.000000 0.209296 0.000000 -0.977852 0.408827 0.408827 0.408827
1775.642212 0.000000 2696.218018 0.000000 0.607577 0.000000 0.794261 0.388543 0.388543 0.388543
1789.803467 0.000000 2697.611572 0.000000 0.644081 0.000000 -0.764957 0.413047 0.413047 0.413047
1782.485107 0.000000 2698.607666 0.000000 0.903657 0.000000 0.428257 0.393371 0.393371 0.393371
1784.296387 0.000000 2695.537109 0.000000 0.692111 0.000000 0.721791 0.377855 0.377855 0.377855
1778.797852 0.000000 2697.515625 0.000000 0.547360 0.000000 0.836897 0.374749 0.374749 0.374749
1882.719360 0.000000 2608.876221 0.000000 0.962912 0.000000 -0.269815 0.408730 0.408730 0.408730
1893.107178 0.000000 2620.804688 0.000000 0.978403 0.000000 0.206706 0.393970 0.393970 0.393970
1888.913330 0.000000 2617.781006 0.000000 0.881923 0.000000 -0.471393 0.416176 0.416176 0.416176
1878.855957 0.000000 2606.848633 0.000000 0.042793 0.000000 0.999084 0.349646 0.349646 0.349646
1887.292603 0.000000 2612.339600 0.000000 0.975987 0.000000 -0.217829 0.407236 0.407236 0.407236
1860.458008 0.000000 2603.895996 0.000000 0.984845 0.000000 -0.173437 0.406354 0.406354 0.406354
1813.846069 0.000000 2667.982178 0.000000 0.890882 0.000000 0.454234 0.395291 0.395291 0.395291
1806.520752 0.000000 2634.524414 0.000000 0.773232 0.000000 0.634123 0.391426 0.391426 0.391426
1794.126221 0.000000 2643.937744 0.000000 0.831005 0.000000 -0.556265 0.409720 0.409720 0.409720
1811.554932 0.000000 2671.697266 0.000000 0.991541 0.000000 0.129795 0.397530 0.397530 0.397530
1817.066650 0.000000 2641.311768 0.000000 0.789733 0.000000 0.613450 0.387799 0.387799 0.387799
1803.839722 0.000000 2669.013428 0.000000 0.997814 0.000000 -0.066088 0.401057 0.401057 0.401057
1843.000732 0.000000 2626.808594 0.000000 0.563237 0.000000 -0.826295 0.421365 0.421365 0.421365
1810.730469 0.000000 2653.202148 0.000000 0.881706 0.000000 0.471799 0.391414 0.391414 0.391414
1837.304932 0.000000 2628.285400 0.000000 0.223674 0.000000 -0.974664 0.429554 0.429554 0.429554
1814.264648 0.000000 2686.066895 0.000000 0.988888 0.000000 -0.148660 0.402980 0.402980 0.402980
1810.533691 0.000000 2665.718018 0.000000 0.994964 0.000000 -0.100231 0.402356 0.402356 0.402356
1807.563599 0.000000 2660.257812 0.000000 0.278611 0.000000 -0.960404 0.430237 0.430237 0.430237
1812.561523 0.000000 2641.202881 0.000000 0.545858 0.000000 -0.837878 0.424800 0.424800 0.424800
1819.109985 0.000000 2635.251953 0.000000 0.596530 0.000000 -0.802591 0.419537 0.419537 0.419537
1808.389893 0.000000 2646.379639 0.000000 0.957613 0.000000 0.288059 0.392997 0.392997 0.392997
1797.049927 0.000000 2665.033691 0.000000 0.293633 0.000000 0.955918 0.372038 0.372038 0.372038
1849.301025 0.000000 2685.693848 0.000000 0.724480 0.000000 0.689296 0.379874 0.379874 0.379874
1832.449951 0.000000 2628.648682 0.000000 0.327895 0.000000 0.944714 0.360480 0.360480 0.360480
1791.856079 0.000000 2654.434814 0.000000 0.644540 0.000000 0.764571 0.373925 0.373925 0.373925
1829.370728 0.000000 2637.091797 0.000000 0.999538 0.000000 -0.030378 0.400910 0.400910 0.400910
1850.335815 0.000000 2681.787598 0.000000 0.989842 0.000000 -0.142169 0.404559 0.404559 0.404559
1802.298584 0.000000 2651.196045 0.000000 0.821761 0.000000 0.569832 0.376690 0.376690 0.376690
1804.960449 0.000000 2650.425293 0.000000 0.894796 0.000000 0.446476 0.381513 0.381513 0.381513
1801.580811 0.000000 2654.773438 0.000000 0.634681 0.000000 0.772775 0.361193 0.361193 0.361193
1850.204102 0.000000 2627.656494 0.000000 0.997284 0.000000 -0.073646 0.404049 0.404049 0.404049
1852.117065 0.000000 2626.118164 0.000000 0.223805 0.000000 0.974634 0.318735 0.318735 0.318735
1916.231079 0.000000 2667.168945 0.000000 0.956733 0.000000 -0.290966 0.401032 0.401032 0.401032
1881.478027 0.000000 2679.151123 0.000000 0.826956 0.000000 0.562267 0.393441 0.393441 0.393441
1861.351196 0.000000 2687.297119 0.000000 0.984638 0.000000 0.174608 0.397809 0.397809 0.397809
1903.626587 0.000000 2632.233643 0.000000 0.314391 0.000000 0.949293 0.384384 0.384384 0.384384
1900.407104 0.000000 2636.017822 0.000000 0.563912 0.000000 -0.825835 0.412614 0.412614 0.412614
1904.016113 0.000000 2671.558350 0.000000 0.954520 0.000000 -0.298148 0.404837 0.404837 0.404837
1913.442993 0.000000 2671.054199 0.000000 0.000888 0.000000 1.000000 0.377268 0.377268 0.377268
1907.644165 0.000000 2665.065918 0.000000 0.999463 0.000000 -0.032765 0.400458 0.400458 0.400458
1897.132568 0.000000 2666.883057 0.000000 0.647709 0.000000 0.761888 0.387457 0.387457 0.387457
1881.058838 0.000000 2641.311768 0.000000 0.945797 0.000000 0.324759 0.395211 0.395211 0.395211
1874.148193 0.000000 2636.667480 0.000000 0.884561 0.000000 0.466425 0.391278 0.391278 0.391278
1906.827637 0.000000 2642.088867 0.000000 0.806772 0.000000 0.590863 0.387059 0.387059 0.387059
1893.060303 0.000000 2652.399170 0.000000 0.951024 0.000000 -0.309118 0.405806 0.405806 0.405806
1901.297119 0.000000 2628.285400 0.000000 0.552277 0.000000 -0.833661 0.417718 0.417718 0.417718
1913.876343 0.000000 2641.150879 0.000000 0.946880 0.000000 0.321586 0.393624 0.393624 0.393624
1888.435913 0.000000 2638.762939 0.000000 0.919863 0.000000 0.392240 0.392554 0.392554 0.392554
1911.391357 0.000000 2650.518066 0.000000 0.233506 0.000000 -0.972355 0.437332 0.437332 0.437332
1893.055664 0.000000 2665.638672 0.000000 0.981778 0.000000 0.190029 0.395609 0.395609 0.395609
1903.405151 0.000000 2678.895752 0.000000 0.236776 0.000000 0.971564 0.371407 0.371407 0.371407
1868.281738 0.000000 2676.248779 0.000000 0.186037 0.000000 0.982543 0.364074 0.364074 0.364074
1905.048706 0.000000 2674.916016 0.000000 0.195453 0.000000 0.980713 0.362265 0.362265 0.362265
1896.442139 0.000000 2628.648682 0.000000 0.957824 0.000000 0.287356 0.391268 0.391268 0.391268
1870.929321 0.000000 2637.988770 0.000000 0.564742 0.000000 0.825268 0.373343 0.373343 0.373343
1908.689819 0.000000 2657.172363 0.000000 0.997889 0.000000 0.064937 0.398313 0.398313 0.398313
1907.986572 0.000000 2645.088623 0.000000 0.363818 0.000000 -0.931470 0.437699 0.437699 0.437699
1889.781860 0.000000 2652.526367 0.000000 0.948205 0.000000 -0.317658 0.408877 0.408877 0.408877
1899.482788 0.000000 2642.036377 0.000000 0.055250 0.000000 0.998473 0.350057 0.350057 0.350057
1893.362915 0.000000 2637.091797 0.000000 0.229219 0.000000 -0.973375 0.433442 0.433442 0.433442
1917.360596 0.000000 2656.441650 0.000000 0.577922 0.000000 0.816092 0.372831 0.372831 0.372831
1868.259277 0.000000 2632.226807 0.000000 0.701849 0.000000 -0.712326 0.424147 0.424147 0.424147
1890.525146 0.000000 2667.388184 0.000000 0.973367 0.000000 -0.229254 0.408085 0.408085 0.408085
1878.761353 0.000000 2643.396973 0.000000 0.516210 0.000000 0.856462 0.370218 0.370218 0.370218
1888.718506 0.000000 2661.277100 0.000000 0.605504 0.000000 0.795843 0.372886 0.372886 0.372886
1881.577393 0.000000 2637.893066 0.000000 0.971392 0.000000 0.237480 0.392577 0.392577 0.392577
1900.400391 0.000000 2678.627441 0.000000 0.600604 0.000000 -0.799547 0.429608 0.429608 0.429608
1889.821045 0.000000 2658.377930 0.000000 0.741441 0.000000 0.671018 0.372454 0.372454 0.372454
1905.379761 0.000000 2639.656982 0.000000 0.923443 0.000000 -0.383736 0.412979 0.412979 0.412979
1896.249390 0.000000 2646.040771 0.000000 0.795511 0.000000 -0.605940 0.423077 0.423077 0.423077
1911.298950 0.000000 2655.764893 0.000000 0.470526 0.000000 0.882386 0.363840 0.363840 0.363840
1896.082275 0.000000 2669.472412 0.000000 0.060569 0.000000 0.998164 0.345708 0.345708 0.345708
1892.235229 0.000000 2663.105713 0.000000 0.918538 0.000000 -0.395332 0.415220 0.415220 0.415220
1891.313599 0.000000 2654.603027 0.000000 0.980761 0.000000 0.195211 0.390386 0.390386 0.390386
1909.447388 0.000000 2641.768799 0.000000 0.972768 0.000000 -0.231782 0.411329 0.411329 0.411329
1970.127563 0.000000 2619.767578 0.000000 0.219617 0.000000 0.975586 0.395284 0.395284 0.395284
1981.932861 0.000000 2610.461182 0.000000 0.958238 0.000000 0.285971 0.396814 0.396814 0.396814
1957.749634 0.000000 2616.799805 0.000000 0.802944 0.000000 -0.596055 0.407971 0.407971 0.407971
1961.458862 0.000000 2614.935059 0.000000 0.979495 0.000000 0.201467 0.395645 0.395645 0.395645
1973.754761 0.000000 2621.441162 0.000000 0.819532 0.000000 0.573033 0.386289 0.386289 0.386289
1977.285400 0.000000 2621.709473 0.000000 0.998928 0.000000 0.046291 0.398844 0.398844 0.398844
1967.473877 0.000000 2621.576172 0.000000 0.172385 0.000000 0.985030 0.367901 0.367901 0.367901
1939.238647 0.000000 2621.220703 0.000000 0.714481 0.000000 -0.699655 0.420507 0.420507 0.420507
1940.554321 0.000000 2610.542969 0.000000 0.499971 0.000000 0.866042 0.363398 0.363398 0.363398
1978.912964 0.000000 2610.101318 0.000000 0.049718 0.000000 -0.998763 0.452404 0.452404 0.452404
1983.859863 0.000000 2620.446533 0.000000 0.705168 0.000000 0.709040 0.394491 0.394491 0.394491
1952.460815 0.000000 2629.404541 0.000000 0.364761 0.000000 0.931101 0.382661 0.382661 0.382661
1982.075928 0.000000 2663.504639 0.000000 0.846383 0.000000 -0.532575 0.409254 0.409254 0.409254
1964.081543 0.000000 2623.512207 0.000000 0.990327 0.000000 0.138756 0.395899 0.395899 0.395899
1954.746216 0.000000 2627.065186 0.000000 0.442384 0.000000 -0.896826 0.428331 0.428331 0.428331
1919.840454 0.000000 2654.434814 0.000000 0.749039 0.000000 0.662526 0.376135 0.376135 0.376135
1971.706421 0.000000 2623.796143 0.000000 0.041235 0.000000 0.999150 0.353413 0.353413 0.353413
1952.341309 0.000000 2625.164795 0.000000 0.992195 0.000000 0.124693 0.395693 0.395693 0.395693
2014.691650 0.000000 2651.618652 0.000000 0.925675 0.000000 0.378320 0.397675 0.397675 0.397675
1989.010620 0.000000 2661.391602 0.000000 0.786671 0.000000 -0.617373 0.405648 0.405648 0.405648
1994.119629 0.000000 2685.057373 0.000000 0.727286 0.000000 -0.686334 0.406421 0.406421 0.406421
2005.260376 0.000000 2649.623535 0.000000 0.197287 0.000000 -0.980346 0.415073 0.415073 0.415073
1998.497314 0.000000 2634.524414 0.000000 0.007983 0.000000 0.999968 0.382833 0.382833 0.382833
1986.520386 0.000000 2652.901611 0.000000 0.999210 0.000000 -0.039729 0.400417 0.400417 0.400417
1997.741577 0.000000 2673.018799 0.000000 0.977460 0.000000 0.211120 0.397663 0.397663 0.397663
1991.924438 0.000000 2657.542725 0.000000 0.992391 0.000000 -0.123123 0.401849 0.401849 0.401849
1983.791870 0.000000 2662.160645 0.000000 0.997871 0.000000 -0.065223 0.401075 0.401075 0.401075
1988.174561 0.000000 2656.376465 0.000000 0.746749 0.000000 -0.665106 0.413806 0.413806 0.413806
2000.366455 0.000000 2646.379639 0.000000 0.725132 0.000000 0.688610 0.384450 0.384450 0.384450
2017.502930 0.000000 2670.312500 0.000000 0.462592 0.000000 0.886571 0.374423 0.374423 0.374423
1997.379150 0.000000 2683.379395 0.000000 0.999302 0.000000 0.037352 0.399067 0.399067 0.399067
2005.976318 0.000000 2659.627441 0.000000 0.066926 0.000000 0.997758 0.361706 0.361706 0.361706
2010.703735 0.000000 2672.860596 0.000000 0.661740 0.000000 0.749734 0.371643 0.371643 0.371643
1992.978638 0.000000 2630.259277 0.000000 0.805186 0.000000 0.593022 0.382884 0.382884 0.382884
1996.243652 0.000000 2632.226807 0.000000 0.847544 0.000000 -0.530725 0.418995 0.418995 0.418995
1989.166748 0.000000 2673.652588 0.000000 0.987592 0.000000 -0.157040 0.404252 0.404252 0.404252
2004.546509 0.000000 2674.527344 0.000000 0.988187 0.000000 -0.153254 0.404456 0.404456 0.404456
2008.142822 0.000000 2666.368652 0.000000 0.928066 0.000000 -0.372417 0.414100 0.414100 0.414100
2012.465454 0.000000 2649.660400 0.000000 0.891589 0.000000 -0.452846 0.416660 0.416660 0.416660
1853.428711 0.000000 2688.150391 0.000000 0.398787 0.000000 0.917043 0.387251 0.387251 0.387251
1832.016113 0.000000 2699.378662 0.000000 0.995086 0.000000 0.099013 0.398663 0.398663 0.398663
1853.562500 0.000000 2703.809814 0.000000 0.914311 0.000000 -0.405012 0.407704 0.407704 0.407704
1847.686279 0.000000 2691.897949 0.000000 0.529790 0.000000 0.848129 0.380285 0.380285 0.380285
1842.790039 0.000000 2697.515625 0.000000 0.307981 0.000000 0.951392 0.363576 0.363576 0.363576
1829.955322 0.000000 2689.857666 0.000000 0.344116 0.000000 -0.938927 0.435926 0.435926 0.435926
1826.761841 0.000000 2691.049561 0.000000 0.270603 0.000000 -0.962691 0.436260 0.436260 0.436260
1854.638062 0.000000 2700.734619 0.000000 0.596018 0.000000 0.802971 0.367416 0.367416 0.367416
1850.761475 0.000000 2697.896973 0.000000 0.617419 0.000000 0.786634 0.372425 0.372425 0.372425
1824.356934 0.000000 2689.149170 0.000000 0.450212 0.000000 -0.892921 0.437477 0.437477 0.437477
1844.386108 0.000000 2700.623291 0.000000 0.886824 0.000000 -0.462107 0.417030 0.417030 0.417030
1879.255005 0.000000 2692.646729 0.000000 0.150891 0.000000 -0.988550 0.416300 0.416300 0.416300
1867.876831 0.000000 2692.949951 0.000000 0.691460 0.000000 -0.722415 0.410077 0.410077 0.410077
1919.362549 0.000000 2734.194092 0.000000 0.590699 0.000000 0.806892 0.385468 0.385468 0.385468
1881.058838 0.000000 2705.296143 0.000000 0.725906 0.000000 0.687793 0.385231 0.385231 0.385231
1897.187378 0.000000 2721.776855 0.000000 0.714342 0.000000 0.699796 0.383745 0.383745 0.383745
1905.472900 0.000000 2715.727295 0.000000 0.299414 0.000000 -0.954123 0.422137 0.422137 0.422137
1899.575317 0.000000 2727.422363 0.000000 0.451832 0.000000 0.892103 0.378541 0.378541 0.378541
1861.261963 0.000000 2705.666016 0.000000 0.659370 0.000000 -0.751819 0.422515 0.422515 0.422515
1855.894287 0.000000 2699.831299 0.000000 0.932124 0.000000 -0.362140 0.409436 0.409436 0.409436
1861.661255 0.000000 2695.239014 0.000000 0.972167 0.000000 -0.234290 0.405904 0.405904 0.405904
1864.920776 0.000000 2704.541748 0.000000 0.564389 0.000000 0.825509 0.370422 0.370422 0.370422
1863.775757 0.000000 2713.465576 0.000000 0.925268 0.000000 0.379314 0.388344 0.388344 0.388344
1891.925415 0.000000 2736.318115 0.000000 0.656910 0.000000 0.753969 0.378677 0.378677 0.378677
1868.259277 0.000000 2696.211182 0.000000 0.042862 0.000000 0.999081 0.349648 0.349648 0.349648
1878.761353 0.000000 2707.381348 0.000000 0.679548 0.000000 0.733631 0.369978 0.369978 0.369978
1861.828979 0.000000 2708.784180 0.000000 0.803140 0.000000 -0.595791 0.421989 0.421989 0.421989
1874.514038 0.000000 2693.386719 0.000000 0.985684 0.000000 0.168601 0.394333 0.394333 0.394333
1878.018799 0.000000 2710.545410 0.000000 0.634322 0.000000 0.773069 0.367791 0.367791 0.367791
1913.496582 0.000000 2716.517090 0.000000 0.259589 0.000000 -0.965719 0.443111 0.443111 0.443111
1939.390991 0.000000 2725.562988 0.000000 0.811135 0.000000 0.584859 0.396881 0.396881 0.396881
1924.677124 0.000000 2740.764648 0.000000 0.865525 0.000000 0.500866 0.392142 0.392142 0.392142
1927.932251 0.000000 2721.527100 0.000000 0.993963 0.000000 -0.109713 0.401372 0.401372 0.401372
1919.799683 0.000000 2726.145020 0.000000 0.742391 0.000000 0.669967 0.390836 0.390836 0.390836
1947.334351 0.000000 2719.593994 0.000000 0.995800 0.000000 -0.091556 0.401373 0.401373 0.401373
1936.374268 0.000000 2710.364014 0.000000 0.998686 0.000000 0.051240 0.398925 0.398925 0.398925
1927.767944 0.000000 2713.465576 0.000000 0.114745 0.000000 -0.993395 0.448702 0.448702 0.448702
1919.815552 0.000000 2715.327393 0.000000 0.013610 0.000000 0.999907 0.341686 0.341686 0.341686
1943.080200 0.000000 2715.878662 0.000000 0.051393 0.000000 0.998679 0.345378 0.345378 0.345378
1942.010986 0.000000 2710.545410 0.000000 0.477512 0.000000 0.878625 0.365176 0.365176 0.365176
1953.813232 0.000000 2722.362305 0.000000 0.057719 0.000000 -0.998333 0.452128 0.452128 0.452128
"}
